<?xml version="1.0" encoding="utf-8"?>
<COLLADA xmlns="http://www.collada.org/2005/11/COLLADASchema" version="1.4.1">
  <asset><contributor><author>Mixamo</author><authoring_tool>COLLADA Mixamo exporter</authoring_tool><comments></comments></contributor><created>2019-03-29T16:13:19Z</created><modified>2019-03-29T16:13:19Z</modified><revision></revision><title></title><unit meter="0.010000"/><up_axis>Y_UP</up_axis></asset>
  <library_animations>
    <animation id="Hips-anim" name="Hips"><source id="Hips-Matrix-animation-input"><float_array id="Hips-Matrix-animation-input-array" count="251">

0.000000 0.033333 0.066667 0.100000 0.133333 0.166667 0.200000 0.233333 0.266667 0.300000 0.333333 0.366667 0.400000 0.433333 0.466667 0.500000
0.533333 0.566667 0.600000 0.633333 0.666667 0.700000 0.733333 0.766667 0.800000 0.833333 0.866667 0.900000 0.933333 0.966667 1.000000 1.033333
1.066667 1.100000 1.133333 1.166667 1.200000 1.233333 1.266667 1.300000 1.333333 1.366667 1.400000 1.433333 1.466667 1.500000 1.533333 1.566667
1.600000 1.633333 1.666667 1.700000 1.733333 1.766667 1.800000 1.833333 1.866667 1.900000 1.933333 1.966667 2.000000 2.033333 2.066667 2.100000
2.133333 2.166667 2.200000 2.233333 2.266667 2.300000 2.333333 2.366667 2.400000 2.433333 2.466667 2.500000 2.533333 2.566667 2.600000 2.633333
2.666667 2.700000 2.733333 2.766667 2.800000 2.833333 2.866667 2.900000 2.933333 2.966667 3.000000 3.033333 3.066667 3.100000 3.133333 3.166667
3.200000 3.233333 3.266667 3.300000 3.333333 3.366667 3.400000 3.433333 3.466667 3.500000 3.533333 3.566667 3.600000 3.633333 3.666667 3.700000
3.733333 3.766667 3.800000 3.833333 3.866667 3.900000 3.933333 3.966667 4.000000 4.033333 4.066667 4.100000 4.133333 4.166667 4.200000 4.233333
4.266667 4.300000 4.333333 4.366667 4.400000 4.433333 4.466667 4.500000 4.533333 4.566667 4.600000 4.633333 4.666667 4.700000 4.733333 4.766667
4.800000 4.833333 4.866667 4.900000 4.933333 4.966667 5.000000 5.033333 5.066667 5.100000 5.133333 5.166667 5.200000 5.233333 5.266667 5.300000
5.333333 5.366667 5.400000 5.433333 5.466667 5.500000 5.533333 5.566667 5.600000 5.633333 5.666667 5.700000 5.733333 5.766667 5.800000 5.833333
5.866667 5.900000 5.933333 5.966667 6.000000 6.033333 6.066667 6.100000 6.133333 6.166667 6.200000 6.233333 6.266667 6.300000 6.333333 6.366667
6.400000 6.433333 6.466667 6.500000 6.533333 6.566667 6.600000 6.633333 6.666667 6.700000 6.733333 6.766667 6.800000 6.833333 6.866667 6.900000
6.933333 6.966667 7.000000 7.033333 7.066667 7.100000 7.133333 7.166667 7.200000 7.233333 7.266667 7.300000 7.333333 7.366667 7.400000 7.433333
7.466667 7.500000 7.533333 7.566667 7.600000 7.633333 7.666667 7.700000 7.733333 7.766667 7.800000 7.833333 7.866667 7.900000 7.933333 7.966667
8.000000 8.033333 8.066667 8.100000 8.133333 8.166667 8.200000 8.233333 8.266667 8.300000 8.333333</float_array><technique_common><accessor source="#Hips-Matrix-animation-input-array" count="251"><param name="TIME" type="float"/></accessor></technique_common></source><source id="Hips-Matrix-animation-output-transform"><float_array id="Hips-Matrix-animation-output-transform-array" count="4016">

0.995011 0.095887 0.027544 0.034833 -0.096339 0.995227 0.015584 78.735100 -0.025918 -0.018160 0.999499 1.001024 0.000000 0.000000 0.000000 1.000000
0.994999 0.095993 0.027614 0.044176 -0.096443 0.995218 0.015461 78.737129 -0.025998 -0.018047 0.999499 1.023400 0.000000 0.000000 0.000000 1.000000
0.994982 0.096123 0.027784 0.053378 -0.096574 0.995207 0.015373 78.740402 -0.026173 -0.017979 0.999496 1.046072 0.000000 0.000000 0.000000 1.000000
0.994961 0.096271 0.028022 0.062620 -0.096724 0.995194 0.015298 78.743958 -0.026414 -0.017931 0.999490 1.068641 0.000000 0.000000 0.000000 1.000000
0.994939 0.096426 0.028250 0.072151 -0.096881 0.995180 0.015215 78.746674 -0.026647 -0.017875 0.999485 1.090502 0.000000 0.000000 0.000000 1.000000
0.994920 0.096579 0.028392 0.081991 -0.097034 0.995166 0.015123 78.747978 -0.026795 -0.017801 0.999482 1.111117 0.000000 0.000000 0.000000 1.000000
0.994903 0.096747 0.028432 0.092195 -0.097201 0.995151 0.015042 78.748680 -0.026839 -0.017729 0.999483 1.130404 0.000000 0.000000 0.000000 1.000000
0.994884 0.096945 0.028410 0.102711 -0.097397 0.995133 0.014989 78.749512 -0.026818 -0.017679 0.999484 1.148602 0.000000 0.000000 0.000000 1.000000
0.994862 0.097177 0.028378 0.113621 -0.097628 0.995111 0.014955 78.750336 -0.026786 -0.017649 0.999485 1.165937 0.000000 0.000000 0.000000 1.000000
0.994837 0.097438 0.028379 0.124951 -0.097888 0.995086 0.014912 78.750175 -0.026787 -0.017613 0.999486 1.182326 0.000000 0.000000 0.000000 1.000000
0.994807 0.097727 0.028439 0.136836 -0.098175 0.995059 0.014832 78.748474 -0.026849 -0.017547 0.999485 1.197402 0.000000 0.000000 0.000000 1.000000
0.994772 0.098049 0.028536 0.149131 -0.098496 0.995029 0.014691 78.745995 -0.026954 -0.017425 0.999485 1.210849 0.000000 0.000000 0.000000 1.000000
0.994737 0.098388 0.028585 0.161267 -0.098830 0.994999 0.014465 78.744148 -0.027019 -0.017213 0.999487 1.222577 0.000000 0.000000 0.000000 1.000000
0.994709 0.098700 0.028499 0.172465 -0.099131 0.994974 0.014137 78.744125 -0.026961 -0.016887 0.999494 1.232716 0.000000 0.000000 0.000000 1.000000
0.994692 0.098933 0.028292 0.182294 -0.099349 0.994958 0.013719 78.746300 -0.026792 -0.016456 0.999506 1.241438 0.000000 0.000000 0.000000 1.000000
0.994685 0.099061 0.028091 0.191319 -0.099461 0.994953 0.013247 78.750580 -0.026637 -0.015971 0.999518 1.248994 0.000000 0.000000 0.000000 1.000000
0.994684 0.099083 0.028034 0.200796 -0.099470 0.994959 0.012760 78.756721 -0.026629 -0.015481 0.999526 1.255833 0.000000 0.000000 0.000000 1.000000
0.994686 0.099026 0.028155 0.211689 -0.099402 0.994972 0.012278 78.763702 -0.026798 -0.015012 0.999528 1.262640 0.000000 0.000000 0.000000 1.000000
0.994689 0.098940 0.028375 0.223822 -0.099306 0.994987 0.011818 78.769745 -0.027063 -0.014573 0.999527 1.269992 0.000000 0.000000 0.000000 1.000000
0.994688 0.098885 0.028586 0.236313 -0.099244 0.994998 0.011402 78.773041 -0.027316 -0.014179 0.999526 1.277982 0.000000 0.000000 0.000000 1.000000
0.994683 0.098895 0.028739 0.248312 -0.099246 0.995002 0.011051 78.773438 -0.027502 -0.013845 0.999526 1.286211 0.000000 0.000000 0.000000 1.000000
0.994673 0.098965 0.028838 0.259524 -0.099309 0.994998 0.010772 78.772758 -0.027627 -0.013579 0.999526 1.294198 0.000000 0.000000 0.000000 1.000000
0.994662 0.099061 0.028887 0.270031 -0.099400 0.994991 0.010561 78.773582 -0.027696 -0.013376 0.999527 1.301555 0.000000 0.000000 0.000000 1.000000
0.994655 0.099146 0.028846 0.280001 -0.099481 0.994985 0.010407 78.777031 -0.027669 -0.013221 0.999530 1.307776 0.000000 0.000000 0.000000 1.000000
0.994655 0.099204 0.028647 0.289578 -0.099533 0.994981 0.010291 78.782257 -0.027482 -0.013087 0.999537 1.312013 0.000000 0.000000 0.000000 1.000000
0.994662 0.099240 0.028261 0.299072 -0.099561 0.994980 0.010172 78.787254 -0.027109 -0.012932 0.999549 1.313298 0.000000 0.000000 0.000000 1.000000
0.994672 0.099287 0.027740 0.308828 -0.099597 0.994978 0.010010 78.789879 -0.026607 -0.012719 0.999565 1.311074 0.000000 0.000000 0.000000 1.000000
0.994677 0.099394 0.027181 0.319009 -0.099691 0.994970 0.009807 78.789314 -0.026070 -0.012464 0.999582 1.305528 0.000000 0.000000 0.000000 1.000000
0.994672 0.099584 0.026656 0.329740 -0.099870 0.994954 0.009622 78.786324 -0.025564 -0.012233 0.999598 1.297466 0.000000 0.000000 0.000000 1.000000
0.994660 0.099835 0.026173 0.341068 -0.100113 0.994930 0.009528 78.782722 -0.025089 -0.012097 0.999612 1.288020 0.000000 0.000000 0.000000 1.000000
0.994646 0.100095 0.025698 0.353102 -0.100368 0.994905 0.009552 78.779907 -0.024611 -0.012080 0.999624 1.278374 0.000000 0.000000 0.000000 1.000000
0.994635 0.100329 0.025213 0.366013 -0.100598 0.994880 0.009666 78.778450 -0.024114 -0.012150 0.999635 1.269510 0.000000 0.000000 0.000000 1.000000
0.994626 0.100537 0.024746 0.379827 -0.100805 0.994858 0.009819 78.777901 -0.023631 -0.012261 0.999646 1.261876 0.000000 0.000000 0.000000 1.000000
0.994615 0.100737 0.024374 0.394361 -0.101003 0.994836 0.009975 78.777390 -0.023244 -0.012383 0.999653 1.255238 0.000000 0.000000 0.000000 1.000000
0.994599 0.100931 0.024189 0.409433 -0.101199 0.994815 0.010109 78.776169 -0.023043 -0.012503 0.999656 1.248965 0.000000 0.000000 0.000000 1.000000
0.994579 0.101119 0.024238 0.425153 -0.101390 0.994794 0.010211 78.774208 -0.023079 -0.012614 0.999654 1.242731 0.000000 0.000000 0.000000 1.000000
0.994555 0.101300 0.024487 0.441446 -0.101576 0.994774 0.010305 78.772354 -0.023315 -0.012736 0.999647 1.236993 0.000000 0.000000 0.000000 1.000000
0.994528 0.101479 0.024835 0.458003 -0.101763 0.994754 0.010444 78.771889 -0.023645 -0.012914 0.999637 1.232755 0.000000 0.000000 0.000000 1.000000
0.994502 0.101652 0.025159 0.474593 -0.101946 0.994733 0.010674 78.772842 -0.023942 -0.013180 0.999626 1.230698 0.000000 0.000000 0.000000 1.000000
0.994481 0.101808 0.025367 0.491182 -0.102112 0.994712 0.010978 78.774025 -0.024115 -0.013507 0.999618 1.230519 0.000000 0.000000 0.000000 1.000000
0.994465 0.101949 0.025428 0.507590 -0.102261 0.994694 0.011291 78.774094 -0.024142 -0.013829 0.999613 1.231152 0.000000 0.000000 0.000000 1.000000
0.994451 0.102088 0.025393 0.522892 -0.102406 0.994676 0.011557 78.773056 -0.024078 -0.014093 0.999611 1.231660 0.000000 0.000000 0.000000 1.000000
0.994436 0.102242 0.025367 0.535880 -0.102565 0.994657 0.011776 78.772301 -0.024028 -0.014313 0.999609 1.232056 0.000000 0.000000 0.000000 1.000000
0.994417 0.102409 0.025451 0.545500 -0.102739 0.994636 0.012003 78.772987 -0.024085 -0.014550 0.999604 1.233255 0.000000 0.000000 0.000000 1.000000
0.994395 0.102566 0.025670 0.551690 -0.102906 0.994615 0.012287 78.775360 -0.024271 -0.014860 0.999595 1.236244 0.000000 0.000000 0.000000 1.000000
0.994374 0.102687 0.025978 0.555246 -0.103040 0.994597 0.012632 78.778412 -0.024540 -0.015237 0.999583 1.241301 0.000000 0.000000 0.000000 1.000000
0.994357 0.102778 0.026304 0.557099 -0.103144 0.994582 0.012989 78.780869 -0.024826 -0.015629 0.999570 1.248081 0.000000 0.000000 0.000000 1.000000
0.994339 0.102869 0.026604 0.557697 -0.103249 0.994566 0.013318 78.781708 -0.025089 -0.015989 0.999557 1.256326 0.000000 0.000000 0.000000 1.000000
0.994319 0.102994 0.026872 0.556998 -0.103386 0.994548 0.013620 78.780830 -0.025323 -0.016321 0.999546 1.266245 0.000000 0.000000 0.000000 1.000000
0.994297 0.103141 0.027122 0.555062 -0.103545 0.994527 0.013928 78.779030 -0.025537 -0.016657 0.999535 1.277980 0.000000 0.000000 0.000000 1.000000
0.994279 0.103250 0.027355 0.552603 -0.103666 0.994510 0.014247 78.777916 -0.025734 -0.017001 0.999524 1.291014 0.000000 0.000000 0.000000 1.000000
0.994273 0.103259 0.027548 0.550589 -0.103686 0.994504 0.014547 78.778694 -0.025894 -0.017320 0.999515 1.304315 0.000000 0.000000 0.000000 1.000000
0.994280 0.103158 0.027660 0.549563 -0.103594 0.994510 0.014794 78.781487 -0.025982 -0.017575 0.999508 1.317002 0.000000 0.000000 0.000000 1.000000
0.994297 0.102997 0.027666 0.549182 -0.103438 0.994523 0.014982 78.784576 -0.025971 -0.017759 0.999505 1.328600 0.000000 0.000000 0.000000 1.000000
0.994313 0.102867 0.027584 0.548548 -0.103310 0.994534 0.015141 78.785896 -0.025876 -0.017904 0.999505 1.338850 0.000000 0.000000 0.000000 1.000000
0.994318 0.102842 0.027471 0.547000 -0.103287 0.994534 0.015300 78.784424 -0.025748 -0.018051 0.999505 1.347609 0.000000 0.000000 0.000000 1.000000
0.994314 0.102911 0.027379 0.544726 -0.103359 0.994524 0.015467 78.781418 -0.025637 -0.018209 0.999505 1.355062 0.000000 0.000000 0.000000 1.000000
0.994309 0.102976 0.027304 0.542629 -0.103426 0.994515 0.015618 78.779518 -0.025546 -0.018353 0.999505 1.361766 0.000000 0.000000 0.000000 1.000000
0.994319 0.102912 0.027186 0.541397 -0.103363 0.994520 0.015717 78.780746 -0.025420 -0.018438 0.999507 1.368249 0.000000 0.000000 0.000000 1.000000
0.994348 0.102686 0.026971 0.541078 -0.103133 0.994543 0.015744 78.784843 -0.025207 -0.018436 0.999512 1.374688 0.000000 0.000000 0.000000 1.000000
0.994387 0.102381 0.026676 0.540961 -0.102822 0.994576 0.015702 78.789589 -0.024924 -0.018357 0.999521 1.380953 0.000000 0.000000 0.000000 1.000000
0.994422 0.102118 0.026393 0.540315 -0.102551 0.994605 0.015610 78.793114 -0.024657 -0.018230 0.999530 1.386991 0.000000 0.000000 0.000000 1.000000
0.994444 0.101946 0.026227 0.538748 -0.102373 0.994626 0.015482 78.795113 -0.024508 -0.018081 0.999536 1.393091 0.000000 0.000000 0.000000 1.000000
0.994456 0.101828 0.026225 0.536237 -0.102251 0.994641 0.015329 78.796768 -0.024523 -0.017925 0.999539 1.399765 0.000000 0.000000 0.000000 1.000000
0.994465 0.101706 0.026362 0.532754 -0.102127 0.994656 0.015163 78.799255 -0.024679 -0.017771 0.999537 1.407442 0.000000 0.000000 0.000000 1.000000
0.994475 0.101552 0.026572 0.528314 -0.101973 0.994674 0.015001 78.802788 -0.024908 -0.017628 0.999534 1.416213 0.000000 0.000000 0.000000 1.000000
0.994488 0.101369 0.026783 0.523159 -0.101790 0.994695 0.014858 78.806778 -0.025135 -0.017503 0.999531 1.425852 0.000000 0.000000 0.000000 1.000000
0.994504 0.101168 0.026944 0.517836 -0.101589 0.994717 0.014735 78.810890 -0.025311 -0.017391 0.999528 1.435959 0.000000 0.000000 0.000000 1.000000
0.994524 0.100948 0.027031 0.513022 -0.101368 0.994742 0.014618 78.814415 -0.025413 -0.017278 0.999528 1.445988 0.000000 0.000000 0.000000 1.000000
0.994548 0.100717 0.027042 0.508942 -0.101133 0.994767 0.014496 78.817001 -0.025440 -0.017152 0.999529 1.455264 0.000000 0.000000 0.000000 1.000000
0.994572 0.100488 0.026976 0.505047 -0.100900 0.994793 0.014373 78.818779 -0.025392 -0.017017 0.999533 1.463104 0.000000 0.000000 0.000000 1.000000
0.994598 0.100272 0.026829 0.500395 -0.100679 0.994817 0.014263 78.820290 -0.025260 -0.016887 0.999538 1.469036 0.000000 0.000000 0.000000 1.000000
0.994625 0.100065 0.026595 0.494431 -0.100465 0.994840 0.014162 78.822220 -0.025040 -0.016757 0.999546 1.472880 0.000000 0.000000 0.000000 1.000000
0.994655 0.099858 0.026280 0.487403 -0.100250 0.994863 0.014047 78.824440 -0.024742 -0.016606 0.999556 1.474557 0.000000 0.000000 0.000000 1.000000
0.994684 0.099665 0.025906 0.479871 -0.100047 0.994886 0.013902 78.826042 -0.024388 -0.016420 0.999568 1.473870 0.000000 0.000000 0.000000 1.000000
0.994709 0.099517 0.025502 0.472135 -0.099889 0.994904 0.013737 78.826248 -0.024005 -0.016211 0.999580 1.470606 0.000000 0.000000 0.000000 1.000000
0.994728 0.099435 0.025080 0.464277 -0.099796 0.994915 0.013578 78.825378 -0.023603 -0.016010 0.999593 1.464860 0.000000 0.000000 0.000000 1.000000
0.994744 0.099386 0.024634 0.456624 -0.099737 0.994923 0.013440 78.824295 -0.023173 -0.015826 0.999606 1.457227 0.000000 0.000000 0.000000 1.000000
0.994763 0.099317 0.024153 0.449796 -0.099657 0.994933 0.013309 78.823151 -0.022709 -0.015647 0.999620 1.448647 0.000000 0.000000 0.000000 1.000000
0.994786 0.099198 0.023659 0.444218 -0.099527 0.994948 0.013176 78.821747 -0.022233 -0.015462 0.999633 1.439983 0.000000 0.000000 0.000000 1.000000
0.994812 0.099041 0.023225 0.439685 -0.099361 0.994966 0.013056 78.819817 -0.021815 -0.015296 0.999645 1.431759 0.000000 0.000000 0.000000 1.000000
0.994835 0.098878 0.022932 0.435476 -0.099192 0.994983 0.012995 78.818176 -0.021532 -0.015203 0.999653 1.424339 0.000000 0.000000 0.000000 1.000000
0.994853 0.098725 0.022826 0.430807 -0.099038 0.994998 0.013033 78.817963 -0.021425 -0.015226 0.999655 1.418082 0.000000 0.000000 0.000000 1.000000
0.994866 0.098578 0.022889 0.425371 -0.098895 0.995011 0.013164 78.819496 -0.021477 -0.015360 0.999651 1.413204 0.000000 0.000000 0.000000 1.000000
0.994877 0.098424 0.023068 0.419447 -0.098747 0.995023 0.013338 78.821793 -0.021641 -0.015547 0.999645 1.409383 0.000000 0.000000 0.000000 1.000000
0.994888 0.098255 0.023302 0.413559 -0.098586 0.995037 0.013495 78.823257 -0.021861 -0.015724 0.999637 1.405812 0.000000 0.000000 0.000000 1.000000
0.994899 0.098096 0.023540 0.407877 -0.098433 0.995051 0.013616 78.822556 -0.022088 -0.015863 0.999630 1.401656 0.000000 0.000000 0.000000 1.000000
0.994904 0.097991 0.023749 0.401989 -0.098334 0.995059 0.013727 78.819656 -0.022287 -0.015993 0.999624 1.396463 0.000000 0.000000 0.000000 1.000000
0.994901 0.097979 0.023919 0.395170 -0.098328 0.995057 0.013875 78.815056 -0.022442 -0.016157 0.999618 1.390227 0.000000 0.000000 0.000000 1.000000
0.994889 0.098066 0.024060 0.386743 -0.098422 0.995045 0.014076 78.809402 -0.022560 -0.016372 0.999611 1.383343 0.000000 0.000000 0.000000 1.000000
0.994872 0.098212 0.024175 0.376388 -0.098575 0.995027 0.014302 78.802963 -0.022650 -0.016612 0.999605 1.376582 0.000000 0.000000 0.000000 1.000000
0.994855 0.098366 0.024253 0.364155 -0.098735 0.995008 0.014512 78.796303 -0.022704 -0.016831 0.999601 1.371091 0.000000 0.000000 0.000000 1.000000
0.994843 0.098482 0.024275 0.350118 -0.098855 0.994993 0.014686 78.790199 -0.022708 -0.017010 0.999597 1.367900 0.000000 0.000000 0.000000 1.000000
0.994838 0.098532 0.024248 0.334367 -0.098908 0.994986 0.014838 78.785980 -0.022665 -0.017160 0.999596 1.367288 0.000000 0.000000 0.000000 1.000000
0.994842 0.098502 0.024208 0.317121 -0.098880 0.994987 0.014976 78.784431 -0.022611 -0.017293 0.999595 1.368435 0.000000 0.000000 0.000000 1.000000
0.994853 0.098397 0.024197 0.299104 -0.098778 0.994995 0.015079 78.785194 -0.022592 -0.017392 0.999593 1.369964 0.000000 0.000000 0.000000 1.000000
0.994868 0.098242 0.024225 0.281267 -0.098624 0.995010 0.015107 78.786758 -0.022620 -0.017419 0.999592 1.370857 0.000000 0.000000 0.000000 1.000000
0.994884 0.098071 0.024255 0.264373 -0.098452 0.995028 0.015048 78.787750 -0.022659 -0.017359 0.999593 1.370945 0.000000 0.000000 0.000000 1.000000
0.994900 0.097908 0.024241 0.248466 -0.098286 0.995046 0.014937 78.787613 -0.022658 -0.017243 0.999595 1.370523 0.000000 0.000000 0.000000 1.000000
0.994916 0.097764 0.024181 0.233281 -0.098138 0.995062 0.014830 78.786545 -0.022611 -0.017127 0.999598 1.369688 0.000000 0.000000 0.000000 1.000000
0.994928 0.097645 0.024141 0.218628 -0.098017 0.995075 0.014753 78.784859 -0.022581 -0.017044 0.999600 1.368196 0.000000 0.000000 0.000000 1.000000
0.994936 0.097556 0.024209 0.204807 -0.097928 0.995085 0.014690 78.782623 -0.022657 -0.016986 0.999599 1.365827 0.000000 0.000000 0.000000 1.000000
0.994938 0.097482 0.024406 0.192441 -0.097856 0.995093 0.014609 78.779816 -0.022862 -0.016923 0.999595 1.362655 0.000000 0.000000 0.000000 1.000000
0.994940 0.097403 0.024640 0.181780 -0.097778 0.995103 0.014499 78.777069 -0.023107 -0.016835 0.999591 1.358985 0.000000 0.000000 0.000000 1.000000
0.994947 0.097296 0.024761 0.172558 -0.097670 0.995115 0.014368 78.775223 -0.023243 -0.016713 0.999590 1.354923 0.000000 0.000000 0.000000 1.000000
0.994963 0.097152 0.024702 0.164448 -0.097522 0.995132 0.014216 78.774567 -0.023201 -0.016553 0.999594 1.350107 0.000000 0.000000 0.000000 1.000000
0.994983 0.096987 0.024538 0.157482 -0.097350 0.995151 0.014024 78.774620 -0.023059 -0.016342 0.999601 1.344064 0.000000 0.000000 0.000000 1.000000
0.995001 0.096839 0.024415 0.151885 -0.097194 0.995170 0.013778 78.774536 -0.022962 -0.016082 0.999607 1.336775 0.000000 0.000000 0.000000 1.000000
0.995010 0.096750 0.024401 0.147575 -0.097098 0.995183 0.013502 78.773712 -0.022977 -0.015804 0.999611 1.328840 0.000000 0.000000 0.000000 1.000000
0.995009 0.096750 0.024441 0.144069 -0.097093 0.995187 0.013238 78.772003 -0.023043 -0.015545 0.999614 1.321041 0.000000 0.000000 0.000000 1.000000
0.995002 0.096824 0.024424 0.141088 -0.097161 0.995184 0.013010 78.769531 -0.023047 -0.015318 0.999617 1.313708 0.000000 0.000000 0.000000 1.000000
0.994996 0.096918 0.024282 0.139096 -0.097248 0.995178 0.012800 78.766960 -0.022924 -0.015097 0.999623 1.306746 0.000000 0.000000 0.000000 1.000000
0.994997 0.096969 0.024028 0.138611 -0.097290 0.995177 0.012579 78.765282 -0.022693 -0.014854 0.999632 1.300114 0.000000 0.000000 0.000000 1.000000
0.995005 0.096960 0.023740 0.139749 -0.097272 0.995181 0.012344 78.765404 -0.022428 -0.014592 0.999642 1.294105 0.000000 0.000000 0.000000 1.000000
0.995013 0.096933 0.023514 0.142182 -0.097236 0.995188 0.012117 78.766922 -0.022227 -0.014343 0.999650 1.289046 0.000000 0.000000 0.000000 1.000000
0.995014 0.096942 0.023437 0.145576 -0.097239 0.995190 0.011917 78.768547 -0.022169 -0.014136 0.999654 1.284950 0.000000 0.000000 0.000000 1.000000
0.995006 0.096997 0.023539 0.149984 -0.097293 0.995187 0.011739 78.769203 -0.022287 -0.013971 0.999654 1.281507 0.000000 0.000000 0.000000 1.000000
0.994995 0.097055 0.023779 0.155494 -0.097349 0.995183 0.011569 78.768814 -0.022542 -0.013826 0.999650 1.278435 0.000000 0.000000 0.000000 1.000000
0.994987 0.097064 0.024066 0.161859 -0.097359 0.995184 0.011406 78.768013 -0.022843 -0.013692 0.999645 1.275759 0.000000 0.000000 0.000000 1.000000
0.994985 0.097026 0.024310 0.168517 -0.097321 0.995189 0.011275 78.767342 -0.023099 -0.013584 0.999641 1.273829 0.000000 0.000000 0.000000 1.000000
0.994985 0.096989 0.024462 0.174871 -0.097284 0.995194 0.011204 78.766907 -0.023258 -0.013528 0.999638 1.273062 0.000000 0.000000 0.000000 1.000000
0.994983 0.096991 0.024518 0.180419 -0.097287 0.995193 0.011198 78.766762 -0.023314 -0.013527 0.999637 1.273602 0.000000 0.000000 0.000000 1.000000
0.994981 0.097019 0.024500 0.185306 -0.097316 0.995190 0.011233 78.767258 -0.023293 -0.013560 0.999637 1.275074 0.000000 0.000000 0.000000 1.000000
0.994981 0.097025 0.024455 0.190058 -0.097323 0.995189 0.011264 78.768570 -0.023245 -0.013588 0.999637 1.276750 0.000000 0.000000 0.000000 1.000000
0.994986 0.096988 0.024433 0.195102 -0.097285 0.995193 0.011261 78.770363 -0.023223 -0.013581 0.999638 1.277973 0.000000 0.000000 0.000000 1.000000
0.994990 0.096932 0.024459 0.200190 -0.097228 0.995199 0.011221 78.771988 -0.023254 -0.013543 0.999638 1.278526 0.000000 0.000000 0.000000 1.000000
0.994991 0.096908 0.024540 0.204620 -0.097204 0.995202 0.011174 78.772934 -0.023339 -0.013504 0.999636 1.278622 0.000000 0.000000 0.000000 1.000000
0.994984 0.096939 0.024674 0.208143 -0.097236 0.995199 0.011144 78.773270 -0.023475 -0.013487 0.999633 1.278638 0.000000 0.000000 0.000000 1.000000
0.994973 0.097008 0.024871 0.211483 -0.097308 0.995192 0.011120 78.773201 -0.023672 -0.013485 0.999629 1.278763 0.000000 0.000000 0.000000 1.000000
0.994959 0.097085 0.025116 0.215503 -0.097387 0.995185 0.011085 78.772850 -0.023919 -0.013475 0.999623 1.278915 0.000000 0.000000 0.000000 1.000000
0.994945 0.097164 0.025353 0.220033 -0.097468 0.995177 0.011052 78.772346 -0.024157 -0.013467 0.999617 1.278936 0.000000 0.000000 0.000000 1.000000
0.994931 0.097268 0.025509 0.223933 -0.097575 0.995167 0.011061 78.771873 -0.024310 -0.013494 0.999613 1.278823 0.000000 0.000000 0.000000 1.000000
0.994917 0.097398 0.025558 0.226618 -0.097707 0.995153 0.011123 78.771378 -0.024351 -0.013564 0.999611 1.278607 0.000000 0.000000 0.000000 1.000000
0.994904 0.097532 0.025544 0.228838 -0.097843 0.995139 0.011187 78.770821 -0.024329 -0.013630 0.999611 1.278238 0.000000 0.000000 0.000000 1.000000
0.994893 0.097646 0.025544 0.231779 -0.097956 0.995128 0.011189 78.769905 -0.024327 -0.013635 0.999611 1.277471 0.000000 0.000000 0.000000 1.000000
0.994881 0.097757 0.025608 0.235938 -0.098066 0.995118 0.011115 78.768585 -0.024397 -0.013569 0.999610 1.276090 0.000000 0.000000 0.000000 1.000000
0.994863 0.097907 0.025729 0.241079 -0.098215 0.995104 0.011009 78.767159 -0.024525 -0.013479 0.999608 1.274118 0.000000 0.000000 0.000000 1.000000
0.994841 0.098104 0.025837 0.247024 -0.098412 0.995086 0.010931 78.766396 -0.024638 -0.013417 0.999606 1.271945 0.000000 0.000000 0.000000 1.000000
0.994822 0.098295 0.025847 0.253972 -0.098603 0.995067 0.010912 78.766953 -0.024647 -0.013404 0.999606 1.270116 0.000000 0.000000 0.000000 1.000000
0.994813 0.098407 0.025735 0.262177 -0.098713 0.995056 0.010932 78.769356 -0.024532 -0.013416 0.999609 1.268913 0.000000 0.000000 0.000000 1.000000
0.994819 0.098397 0.025575 0.271698 -0.098702 0.995057 0.010948 78.772881 -0.024371 -0.013416 0.999613 1.267982 0.000000 0.000000 0.000000 1.000000
0.994829 0.098310 0.025488 0.282352 -0.098614 0.995066 0.010940 78.776466 -0.024287 -0.013397 0.999615 1.266636 0.000000 0.000000 0.000000 1.000000
0.994836 0.098228 0.025538 0.293593 -0.098532 0.995074 0.010934 78.779114 -0.024338 -0.013394 0.999614 1.264380 0.000000 0.000000 0.000000 1.000000
0.994835 0.098201 0.025688 0.304693 -0.098508 0.995076 0.010973 78.781006 -0.024484 -0.013447 0.999610 1.261169 0.000000 0.000000 0.000000 1.000000
0.994831 0.098204 0.025843 0.315212 -0.098516 0.995074 0.011074 78.783112 -0.024629 -0.013563 0.999605 1.257149 0.000000 0.000000 0.000000 1.000000
0.994830 0.098184 0.025933 0.325233 -0.098500 0.995074 0.011207 78.786301 -0.024705 -0.013703 0.999601 1.252298 0.000000 0.000000 0.000000 1.000000
0.994836 0.098121 0.025956 0.334826 -0.098440 0.995078 0.011329 78.790176 -0.024717 -0.013825 0.999599 1.246327 0.000000 0.000000 0.000000 1.000000
0.994842 0.098062 0.025962 0.343687 -0.098384 0.995083 0.011423 78.793121 -0.024714 -0.013918 0.999598 1.238901 0.000000 0.000000 0.000000 1.000000
0.994840 0.098073 0.025996 0.351035 -0.098398 0.995081 0.011505 78.793785 -0.024740 -0.014004 0.999596 1.229978 0.000000 0.000000 0.000000 1.000000
0.994828 0.098173 0.026062 0.356253 -0.098500 0.995069 0.011604 78.792313 -0.024795 -0.014111 0.999593 1.219969 0.000000 0.000000 0.000000 1.000000
0.994813 0.098313 0.026121 0.359634 -0.098645 0.995054 0.011732 78.790169 -0.024838 -0.014248 0.999590 1.209620 0.000000 0.000000 0.000000 1.000000
0.994800 0.098435 0.026129 0.361810 -0.098771 0.995039 0.011886 78.788567 -0.024830 -0.014405 0.999588 1.199639 0.000000 0.000000 0.000000 1.000000
0.994794 0.098514 0.026074 0.362748 -0.098854 0.995029 0.012057 78.787819 -0.024757 -0.014572 0.999587 1.190268 0.000000 0.000000 0.000000 1.000000
0.994790 0.098577 0.025984 0.361576 -0.098920 0.995020 0.012237 78.787415 -0.024649 -0.014743 0.999587 1.181072 0.000000 0.000000 0.000000 1.000000
0.994783 0.098660 0.025921 0.357382 -0.099006 0.995009 0.012410 78.786652 -0.024568 -0.014912 0.999587 1.171144 0.000000 0.000000 0.000000 1.000000
0.994771 0.098773 0.025958 0.350383 -0.099123 0.994996 0.012550 78.785057 -0.024589 -0.015057 0.999584 1.159678 0.000000 0.000000 0.000000 1.000000
0.994754 0.098897 0.026138 0.341883 -0.099252 0.994982 0.012644 78.782883 -0.024756 -0.015172 0.999578 1.146574 0.000000 0.000000 0.000000 1.000000
0.994736 0.099003 0.026424 0.333122 -0.099364 0.994970 0.012721 78.780510 -0.025032 -0.015280 0.999570 1.132519 0.000000 0.000000 0.000000 1.000000
0.994723 0.099060 0.026706 0.324505 -0.099428 0.994962 0.012829 78.778397 -0.025300 -0.015417 0.999561 1.118474 0.000000 0.000000 0.000000 1.000000
0.994720 0.099045 0.026882 0.315619 -0.099420 0.994961 0.012995 78.776787 -0.025459 -0.015599 0.999554 1.105029 0.000000 0.000000 0.000000 1.000000
0.994727 0.098956 0.026951 0.306103 -0.099337 0.994966 0.013198 78.775269 -0.025509 -0.015806 0.999550 1.092291 0.000000 0.000000 0.000000 1.000000
0.994740 0.098808 0.027011 0.295840 -0.099196 0.994978 0.013399 78.773384 -0.025552 -0.016008 0.999545 1.080229 0.000000 0.000000 0.000000 1.000000
0.994753 0.098634 0.027166 0.284676 -0.099029 0.994992 0.013582 78.770813 -0.025690 -0.016201 0.999539 1.069136 0.000000 0.000000 0.000000 1.000000
0.994763 0.098464 0.027428 0.272015 -0.098868 0.995005 0.013766 78.767601 -0.025936 -0.016406 0.999529 1.059742 0.000000 0.000000 0.000000 1.000000
0.994769 0.098319 0.027731 0.257106 -0.098733 0.995016 0.013975 78.764519 -0.026219 -0.016639 0.999518 1.053019 0.000000 0.000000 0.000000 1.000000
0.994774 0.098191 0.027994 0.239774 -0.098616 0.995024 0.014220 78.762405 -0.026458 -0.016906 0.999507 1.049719 0.000000 0.000000 0.000000 1.000000
0.994780 0.098069 0.028184 0.220581 -0.098505 0.995031 0.014508 78.761932 -0.026621 -0.017208 0.999497 1.049965 0.000000 0.000000 0.000000 1.000000
0.994790 0.097941 0.028303 0.200574 -0.098387 0.995038 0.014836 78.762802 -0.026710 -0.017543 0.999489 1.052967 0.000000 0.000000 0.000000 1.000000
0.994801 0.097807 0.028351 0.180623 -0.098264 0.995045 0.015182 78.763786 -0.026726 -0.017889 0.999483 1.057157 0.000000 0.000000 0.000000 1.000000
0.994816 0.097674 0.028314 0.161500 -0.098138 0.995052 0.015490 78.763611 -0.026661 -0.018188 0.999479 1.060769 0.000000 0.000000 0.000000 1.000000
0.994833 0.097536 0.028179 0.143794 -0.098003 0.995062 0.015696 78.762100 -0.026509 -0.018377 0.999480 1.062599 0.000000 0.000000 0.000000 1.000000
0.994855 0.097379 0.027954 0.127701 -0.097844 0.995077 0.015784 78.760498 -0.026279 -0.018438 0.999485 1.062484 0.000000 0.000000 0.000000 1.000000
0.994882 0.097187 0.027658 0.112962 -0.097647 0.995096 0.015799 78.760017 -0.025987 -0.018419 0.999493 1.060976 0.000000 0.000000 0.000000 1.000000
0.994913 0.096963 0.027325 0.099048 -0.097417 0.995118 0.015802 78.760445 -0.025659 -0.018384 0.999502 1.058564 0.000000 0.000000 0.000000 1.000000
0.994944 0.096734 0.026995 0.085810 -0.097182 0.995141 0.015804 78.760216 -0.025335 -0.018348 0.999511 1.055227 0.000000 0.000000 0.000000 1.000000
0.994971 0.096542 0.026706 0.073377 -0.096984 0.995161 0.015763 78.758247 -0.025055 -0.018274 0.999519 1.050750 0.000000 0.000000 0.000000 1.000000
0.994991 0.096389 0.026478 0.061792 -0.096824 0.995179 0.015646 78.755173 -0.024842 -0.018132 0.999527 1.045391 0.000000 0.000000 0.000000 1.000000
0.995012 0.096225 0.026308 0.050882 -0.096652 0.995198 0.015462 78.753136 -0.024694 -0.017927 0.999534 1.040148 0.000000 0.000000 0.000000 1.000000
0.995039 0.095980 0.026186 0.040353 -0.096399 0.995226 0.015240 78.753548 -0.024598 -0.017689 0.999541 1.036345 0.000000 0.000000 0.000000 1.000000
0.995075 0.095627 0.026119 0.029888 -0.096039 0.995264 0.015007 78.756126 -0.024560 -0.017441 0.999546 1.034981 0.000000 0.000000 0.000000 1.000000
0.995113 0.095214 0.026144 0.019086 -0.095621 0.995308 0.014786 78.759583 -0.024613 -0.017214 0.999549 1.036466 0.000000 0.000000 0.000000 1.000000
0.995147 0.094820 0.026312 0.007585 -0.095225 0.995348 0.014614 78.762543 -0.024804 -0.017048 0.999547 1.040741 0.000000 0.000000 0.000000 1.000000
0.995168 0.094502 0.026647 -0.005002 -0.094911 0.995380 0.014524 78.764442 -0.025151 -0.016983 0.999539 1.047455 0.000000 0.000000 0.000000 1.000000
0.995177 0.094282 0.027096 -0.019007 -0.094699 0.995400 0.014530 78.765343 -0.025601 -0.017026 0.999527 1.055978 0.000000 0.000000 0.000000 1.000000
0.995177 0.094145 0.027542 -0.034494 -0.094571 0.995411 0.014610 78.765396 -0.026040 -0.017144 0.999514 1.065369 0.000000 0.000000 0.000000 1.000000
0.995177 0.094057 0.027855 -0.050911 -0.094491 0.995417 0.014719 78.764832 -0.026343 -0.017281 0.999504 1.074609 0.000000 0.000000 0.000000 1.000000
0.995181 0.093987 0.027954 -0.067239 -0.094426 0.995422 0.014820 78.763695 -0.026433 -0.017388 0.999499 1.082971 0.000000 0.000000 0.000000 1.000000
0.995190 0.093924 0.027836 -0.082629 -0.094364 0.995426 0.014912 78.762192 -0.026308 -0.017467 0.999501 1.090225 0.000000 0.000000 0.000000 1.000000
0.995203 0.093868 0.027563 -0.097088 -0.094306 0.995430 0.015039 78.760963 -0.026026 -0.017566 0.999507 1.096412 0.000000 0.000000 0.000000 1.000000
0.995218 0.093808 0.027237 -0.110958 -0.094245 0.995432 0.015237 78.760773 -0.025683 -0.017731 0.999513 1.101521 0.000000 0.000000 0.000000 1.000000
0.995233 0.093723 0.026958 -0.123804 -0.094161 0.995437 0.015468 78.761887 -0.025385 -0.017933 0.999517 1.105362 0.000000 0.000000 0.000000 1.000000
0.995250 0.093595 0.026773 -0.134676 -0.094034 0.995446 0.015637 78.763618 -0.025188 -0.018080 0.999519 1.107686 0.000000 0.000000 0.000000 1.000000
0.995268 0.093441 0.026664 -0.143179 -0.093879 0.995460 0.015688 78.764435 -0.025077 -0.018117 0.999521 1.108409 0.000000 0.000000 0.000000 1.000000
0.995282 0.093314 0.026591 -0.150069 -0.093750 0.995473 0.015660 78.763275 -0.025009 -0.018078 0.999524 1.107647 0.000000 0.000000 0.000000 1.000000
0.995288 0.093259 0.026559 -0.156472 -0.093694 0.995478 0.015630 78.760437 -0.024982 -0.018044 0.999525 1.105577 0.000000 0.000000 0.000000 1.000000
0.995283 0.093286 0.026629 -0.162579 -0.093722 0.995476 0.015633 78.757347 -0.025050 -0.018055 0.999523 1.102345 0.000000 0.000000 0.000000 1.000000
0.995270 0.093366 0.026829 -0.167687 -0.093806 0.995468 0.015645 78.754929 -0.025247 -0.018088 0.999518 1.098119 0.000000 0.000000 0.000000 1.000000
0.995254 0.093464 0.027098 -0.171115 -0.093909 0.995458 0.015634 78.752892 -0.025514 -0.018105 0.999511 1.093117 0.000000 0.000000 0.000000 1.000000
0.995239 0.093559 0.027317 -0.173086 -0.094007 0.995449 0.015596 78.750443 -0.025733 -0.018090 0.999505 1.087311 0.000000 0.000000 0.000000 1.000000
0.995229 0.093638 0.027403 -0.174136 -0.094086 0.995443 0.015539 78.747421 -0.025823 -0.018043 0.999504 1.080178 0.000000 0.000000 0.000000 1.000000
0.995227 0.093675 0.027369 -0.174551 -0.094120 0.995441 0.015461 78.745018 -0.025796 -0.017964 0.999506 1.070943 0.000000 0.000000 0.000000 1.000000
0.995231 0.093652 0.027291 -0.174198 -0.094094 0.995445 0.015361 78.744873 -0.025728 -0.017856 0.999510 1.059397 0.000000 0.000000 0.000000 1.000000
0.995239 0.093584 0.027221 -0.173183 -0.094021 0.995453 0.015253 78.746880 -0.025670 -0.017740 0.999513 1.046354 0.000000 0.000000 0.000000 1.000000
0.995247 0.093523 0.027153 -0.171916 -0.093957 0.995461 0.015163 78.749100 -0.025612 -0.017642 0.999516 1.033209 0.000000 0.000000 0.000000 1.000000
0.995250 0.093516 0.027059 -0.170747 -0.093946 0.995463 0.015107 78.749496 -0.025524 -0.017577 0.999520 1.021034 0.000000 0.000000 0.000000 1.000000
0.995249 0.093561 0.026954 -0.169636 -0.093989 0.995459 0.015082 78.747482 -0.025421 -0.017544 0.999523 1.010264 0.000000 0.000000 0.000000 1.000000
0.995244 0.093629 0.026895 -0.168304 -0.094056 0.995453 0.015084 78.743912 -0.025360 -0.017542 0.999524 1.001168 0.000000 0.000000 0.000000 1.000000
0.995235 0.093713 0.026924 -0.166695 -0.094142 0.995444 0.015131 78.739830 -0.025384 -0.017593 0.999523 0.994370 0.000000 0.000000 0.000000 1.000000
0.995221 0.093834 0.027018 -0.164860 -0.094268 0.995430 0.015264 78.735680 -0.025463 -0.017738 0.999518 0.990620 0.000000 0.000000 0.000000 1.000000
0.995203 0.094005 0.027107 -0.162918 -0.094447 0.995409 0.015518 78.732307 -0.025524 -0.018003 0.999512 0.990191 0.000000 0.000000 0.000000 1.000000
0.995186 0.094177 0.027139 -0.160703 -0.094628 0.995386 0.015865 78.730919 -0.025520 -0.018357 0.999506 0.992471 0.000000 0.000000 0.000000 1.000000
0.995178 0.094266 0.027117 -0.157750 -0.094726 0.995371 0.016215 78.732155 -0.025463 -0.018705 0.999501 0.996246 0.000000 0.000000 0.000000 1.000000
0.995182 0.094235 0.027079 -0.153710 -0.094701 0.995369 0.016470 78.735298 -0.025401 -0.018955 0.999498 1.000222 0.000000 0.000000 0.000000 1.000000
0.995191 0.094138 0.027073 -0.148557 -0.094607 0.995376 0.016599 78.738174 -0.025385 -0.019080 0.999496 1.003302 0.000000 0.000000 0.000000 1.000000
0.995195 0.094076 0.027137 -0.142425 -0.094547 0.995381 0.016641 78.739059 -0.025446 -0.019127 0.999493 1.004686 0.000000 0.000000 0.000000 1.000000
0.995189 0.094100 0.027278 -0.135348 -0.094574 0.995379 0.016651 78.737976 -0.025585 -0.019151 0.999489 1.004025 0.000000 0.000000 0.000000 1.000000
0.995178 0.094170 0.027449 -0.127254 -0.094648 0.995371 0.016658 78.736549 -0.025753 -0.019176 0.999484 1.001592 0.000000 0.000000 0.000000 1.000000
0.995170 0.094219 0.027571 -0.118318 -0.094699 0.995366 0.016666 78.736168 -0.025873 -0.019196 0.999481 0.998173 0.000000 0.000000 0.000000 1.000000
0.995168 0.094226 0.027595 -0.108972 -0.094707 0.995365 0.016682 78.736923 -0.025895 -0.019214 0.999480 0.994574 0.000000 0.000000 0.000000 1.000000
0.995170 0.094224 0.027550 -0.099665 -0.094706 0.995365 0.016718 78.737785 -0.025847 -0.019247 0.999481 0.991140 0.000000 0.000000 0.000000 1.000000
0.995169 0.094245 0.027519 -0.090495 -0.094727 0.995362 0.016780 78.737923 -0.025810 -0.019306 0.999480 0.987727 0.000000 0.000000 0.000000 1.000000
0.995163 0.094289 0.027572 -0.081396 -0.094774 0.995356 0.016856 78.737411 -0.025854 -0.019388 0.999478 0.984057 0.000000 0.000000 0.000000 1.000000
0.995154 0.094348 0.027711 -0.072535 -0.094838 0.995349 0.016930 78.736671 -0.025985 -0.019476 0.999473 0.980035 0.000000 0.000000 0.000000 1.000000
0.995141 0.094426 0.027881 -0.064333 -0.094921 0.995340 0.016989 78.735924 -0.026147 -0.019553 0.999467 0.975863 0.000000 0.000000 0.000000 1.000000
0.995128 0.094530 0.028019 -0.057096 -0.095029 0.995329 0.017027 78.735474 -0.026278 -0.019607 0.999462 0.971918 0.000000 0.000000 0.000000 1.000000
0.995114 0.094647 0.028105 -0.050757 -0.095147 0.995317 0.017043 78.735779 -0.026360 -0.019634 0.999460 0.968544 0.000000 0.000000 0.000000 1.000000
0.995102 0.094760 0.028163 -0.044779 -0.095262 0.995306 0.017048 78.736702 -0.026415 -0.019647 0.999458 0.965983 0.000000 0.000000 0.000000 1.000000
0.995089 0.094877 0.028224 -0.038793 -0.095380 0.995295 0.017065 78.737625 -0.026472 -0.019674 0.999456 0.964415 0.000000 0.000000 0.000000 1.000000
0.995074 0.095013 0.028292 -0.032964 -0.095519 0.995280 0.017116 78.737823 -0.026532 -0.019734 0.999453 0.963953 0.000000 0.000000 0.000000 1.000000
0.995059 0.095153 0.028340 -0.027713 -0.095663 0.995265 0.017198 78.737190 -0.026570 -0.019824 0.999450 0.964479 0.000000 0.000000 0.000000 1.000000
0.995048 0.095265 0.028339 -0.023488 -0.095777 0.995253 0.017290 78.736237 -0.026557 -0.019918 0.999449 0.965622 0.000000 0.000000 0.000000 1.000000
0.995043 0.095336 0.028283 -0.020234 -0.095849 0.995244 0.017369 78.735306 -0.026492 -0.019994 0.999449 0.966956 0.000000 0.000000 0.000000 1.000000
0.995038 0.095413 0.028203 -0.017679 -0.095926 0.995236 0.017425 78.734192 -0.026406 -0.020044 0.999450 0.968292 0.000000 0.000000 0.000000 1.000000
0.995026 0.095552 0.028145 -0.015529 -0.096064 0.995222 0.017462 78.732460 -0.026342 -0.020079 0.999451 0.969642 0.000000 0.000000 0.000000 1.000000
0.995008 0.095753 0.028127 -0.013539 -0.096266 0.995202 0.017489 78.730438 -0.026317 -0.020109 0.999451 0.970914 0.000000 0.000000 0.000000 1.000000
0.994989 0.095950 0.028114 -0.011398 -0.096463 0.995183 0.017498 78.729019 -0.026300 -0.020123 0.999452 0.971770 0.000000 0.000000 0.000000 1.000000
0.994980 0.096062 0.028050 -0.008490 -0.096572 0.995173 0.017453 78.728889 -0.026238 -0.020075 0.999454 0.971895 0.000000 0.000000 0.000000 1.000000
0.994984 0.096063 0.027906 -0.004381 -0.096567 0.995176 0.017319 78.729622 -0.026107 -0.019927 0.999461 0.971333 0.000000 0.000000 0.000000 1.000000
0.994996 0.095993 0.027707 0.000833 -0.096488 0.995187 0.017110 78.730263 -0.025931 -0.019698 0.999470 0.970475 0.000000 0.000000 0.000000 1.000000
0.995010 0.095914 0.027504 0.006310 -0.096399 0.995199 0.016895 78.730583 -0.025752 -0.019462 0.999479 0.969697 0.000000 0.000000 0.000000 1.000000
0.995019 0.095860 0.027342 0.011204 -0.096338 0.995208 0.016734 78.731064 -0.025607 -0.019285 0.999486 0.969089 0.000000 0.000000 0.000000 1.000000
0.995024 0.095835 0.027241 0.015244 -0.096309 0.995213 0.016628 78.732025 -0.025517 -0.019168 0.999491 0.968593 0.000000 0.000000 0.000000 1.000000
0.995026 0.095834 0.027190 0.018540 -0.096303 0.995215 0.016526 78.732994 -0.025476 -0.019062 0.999494 0.968347 0.000000 0.000000 0.000000 1.000000
0.995026 0.095841 0.027147 0.021215 -0.096307 0.995217 0.016397 78.733330 -0.025446 -0.018930 0.999497 0.968718 0.000000 0.000000 0.000000 1.000000
0.995029 0.095839 0.027077 0.023264 -0.096299 0.995220 0.016245 78.733147 -0.025390 -0.018772 0.999501 0.970027 0.000000 0.000000 0.000000 1.000000
0.995034 0.095808 0.026986 0.024946 -0.096263 0.995226 0.016086 78.733437 -0.025316 -0.018604 0.999506 0.972292 0.000000 0.000000 0.000000 1.000000
0.995041 0.095754 0.026931 0.026631 -0.096203 0.995234 0.015925 78.734764 -0.025278 -0.018437 0.999510 0.975406 0.000000 0.000000 0.000000 1.000000
0.995044 0.095708 0.026966 0.028513 -0.096154 0.995241 0.015774 78.736687 -0.025328 -0.018289 0.999512 0.979506 0.000000 0.000000 0.000000 1.000000
