<?xml version="1.0" encoding="utf-8"?>
<COLLADA xmlns="http://www.collada.org/2005/11/COLLADASchema" version="1.4.1">
  <asset><contributor><author>Mixamo</author><authoring_tool>COLLADA Mixamo exporter</authoring_tool><comments></comments></contributor><created>2019-03-29T16:15:05Z</created><modified>2019-03-29T16:15:05Z</modified><revision></revision><title></title><unit meter="0.010000"/><up_axis>Y_UP</up_axis></asset>
  <library_animations>
    <animation id="Hips-anim" name="Hips"><source id="Hips-Matrix-animation-input"><float_array id="Hips-Matrix-animation-input-array" count="30">

0.000000 0.033333 0.066667 0.100000 0.133333 0.166667 0.200000 0.233333 0.266667 0.300000 0.333333 0.366667 0.400000 0.433333 0.466667 0.500000
0.533333 0.566667 0.600000 0.633333 0.666667 0.700000 0.733333 0.766667 0.800000 0.833333 0.866667 0.900000 0.933333 0.966667</float_array><technique_common><accessor source="#Hips-Matrix-animation-input-array" count="30"><param name="TIME" type="float"/></accessor></technique_common></source><source id="Hips-Matrix-animation-output-transform"><float_array id="Hips-Matrix-animation-output-transform-array" count="480">

0.980260 0.089188 0.176456 0.211040 -0.091433 0.995801 0.004615 78.393295 -0.175303 -0.020658 0.984298 0.793445 0.000000 0.000000 0.000000 1.000000
0.986507 0.070787 0.147628 0.399979 -0.070245 0.997490 -0.008887 78.692863 -0.147886 -0.001603 0.989003 0.694086 0.000000 0.000000 0.000000 1.000000
0.993271 0.048563 0.105136 0.632616 -0.046264 0.998636 -0.024198 78.608780 -0.106167 0.019171 0.994163 0.567329 0.000000 0.000000 0.000000 1.000000
0.998185 0.021242 0.056345 0.896906 -0.019136 0.999107 -0.037661 78.318260 -0.057095 0.036515 0.997701 0.479037 0.000000 0.000000 0.000000 1.000000
0.999952 0.000550 0.009807 1.142563 -0.000114 0.999014 -0.044401 77.921478 -0.009822 0.044398 0.998966 0.535567 0.000000 0.000000 0.000000 1.000000
0.999580 -0.003641 -0.028766 1.351303 0.002401 0.999071 -0.043028 77.395592 0.028896 0.042941 0.998660 0.825772 0.000000 0.000000 0.000000 1.000000
0.998166 -0.001659 -0.060506 1.664419 -0.000855 0.999138 -0.041501 76.507866 0.060523 0.041477 0.997305 1.393883 0.000000 0.000000 0.000000 1.000000
0.996875 -0.007781 -0.078606 1.959530 0.004497 0.999113 -0.041865 75.708878 0.078862 0.041380 0.996026 1.831681 0.000000 0.000000 0.000000 1.000000
0.996492 -0.028740 -0.078596 2.314009 0.025989 0.999021 -0.035802 75.839363 0.079548 0.033634 0.996263 2.220745 0.000000 0.000000 0.000000 1.000000
0.996073 -0.044517 -0.076531 2.699400 0.042949 0.998835 -0.022017 75.979691 0.077422 0.018644 0.996824 2.889053 0.000000 0.000000 0.000000 1.000000
0.994946 -0.067783 -0.074075 3.194229 0.067018 0.997670 -0.012771 76.118919 0.074768 0.007742 0.997171 3.344909 0.000000 0.000000 0.000000 1.000000
0.993694 -0.092983 -0.062666 3.714345 0.092864 0.995667 -0.004810 76.486565 0.062842 -0.001040 0.998023 3.457824 0.000000 0.000000 0.000000 1.000000
0.991775 -0.115659 -0.054826 4.068048 0.115862 0.993265 0.000542 76.901543 0.054394 -0.006890 0.998496 3.197238 0.000000 0.000000 0.000000 1.000000
0.990471 -0.125641 -0.056414 4.223820 0.125927 0.992038 0.001540 77.505371 0.055772 -0.008629 0.998406 2.846395 0.000000 0.000000 0.000000 1.000000
0.990676 -0.121951 -0.060730 4.183175 0.122276 0.992495 0.001658 78.152641 0.060072 -0.009068 0.998153 2.511407 0.000000 0.000000 0.000000 1.000000
0.992533 -0.112215 -0.047811 4.051661 0.112075 0.993684 -0.005621 78.516655 0.048140 0.000220 0.998841 2.197359 0.000000 0.000000 0.000000 1.000000
0.995516 -0.092539 -0.019623 3.843592 0.092268 0.995631 -0.014317 78.751213 0.020862 0.012442 0.999705 1.983361 0.000000 0.000000 0.000000 1.000000
0.997904 -0.062890 0.015222 3.500625 0.063181 0.997813 -0.019426 78.855453 -0.013967 0.020347 0.999695 1.792805 0.000000 0.000000 0.000000 1.000000
0.998114 -0.039046 0.047372 3.184405 0.039985 0.999019 -0.019035 78.677231 -0.046582 0.020894 0.998696 1.693035 0.000000 0.000000 0.000000 1.000000
0.996305 -0.030368 0.080333 2.862475 0.031450 0.999430 -0.012234 78.041397 -0.079915 0.014715 0.996693 1.904581 0.000000 0.000000 0.000000 1.000000
0.992929 -0.027997 0.115357 2.570640 0.029282 0.999526 -0.009464 76.719032 -0.115037 0.012774 0.993279 2.120236 0.000000 0.000000 0.000000 1.000000
0.989695 -0.022676 0.141383 2.269712 0.023365 0.999722 -0.003212 75.855370 -0.141270 0.006482 0.989950 2.390302 0.000000 0.000000 0.000000 1.000000
0.988710 -0.009687 0.149525 1.946724 0.009315 0.999952 0.003185 75.660950 -0.149549 -0.001756 0.988753 2.663882 0.000000 0.000000 0.000000 1.000000
0.988276 0.003394 0.152642 1.545773 -0.004716 0.999954 0.008297 75.814590 -0.152607 -0.008919 0.988247 2.996176 0.000000 0.000000 0.000000 1.000000
0.987750 0.023012 0.154338 1.084582 -0.025185 0.999609 0.012140 75.885132 -0.153998 -0.015878 0.987944 3.305363 0.000000 0.000000 0.000000 1.000000
0.987518 0.046986 0.150332 0.634762 -0.049106 0.998739 0.010418 75.963905 -0.149653 -0.017671 0.988581 3.296620 0.000000 0.000000 0.000000 1.000000
0.986290 0.072546 0.148221 0.310937 -0.074133 0.997235 0.005205 76.244499 -0.147434 -0.016121 0.988940 2.804957 0.000000 0.000000 0.000000 1.000000
0.983527 0.092486 0.155312 0.135601 -0.093722 0.995598 0.000641 77.049828 -0.154569 -0.015186 0.987865 2.147128 0.000000 0.000000 0.000000 1.000000
0.979904 0.098113 0.173671 0.105922 -0.099795 0.995008 0.000957 77.843712 -0.172710 -0.018270 0.984803 1.439176 0.000000 0.000000 0.000000 1.000000
0.980260 0.089189 0.176456 0.211040 -0.091433 0.995801 0.004615 78.393280 -0.175303 -0.020658 0.984298 0.793444 0.000000 0.000000 0.000000 1.000000</float_array><technique_common><accessor source="#Hips-Matrix-animation-output-transform-array" count="30" stride="16"><param type="float4x4"/></accessor></technique_common></source><source id="Hips-Interpolations"><Name_array id="Hips-Interpolations-array" count="30">
 LINEAR LINEAR LINEAR LINEAR LINEAR LINEAR LINEAR LINEAR LINEAR LINEAR LINEAR
LINEAR LINEAR LINEAR LINEAR LINEAR LINEAR LINEAR LINEAR LINEAR LINEAR LINEAR LINEAR
LINEAR LINEAR LINEAR LINEAR LINEAR LINEAR LINEAR</Name_array><technique_common><accessor source="#Hips-Interpolations-array" count="30"><param type="name"/></accessor></technique_common></source><sampler id="Hips-Matrix-animation-transform"><input semantic="INPUT" source="#Hips-Matrix-animation-input"/><input semantic="OUTPUT" source="#Hips-Matrix-animation-output-transform"/><input semantic="INTERPOLATION" source="#Hips-Interpolations"/></sampler><channel source="#Hips-Matrix-animation-transform" target="Hips/matrix"/></animation>
    <animation id="Spine-anim" name="Spine"><source id="Spine-Matrix-animation-input"><float_array id="Spine-Matrix-animation-input-array" count="30">

0.000000 0.033333 0.066667 0.100000 0.133333 0.166667 0.200000 0.233333 0.266667 0.300000 0.333333 0.366667 0.400000 0.433333 0.466667 0.500000
0.533333 0.566667 0.600000 0.633333 0.666667 0.700000 0.733333 0.766667 0.800000 0.833333 0.866667 0.900000 0.933333 0.966667</float_array><technique_common><accessor source="#Spine-Matrix-animation-input-array" count="30"><param name="TIME" type="float"/></accessor></technique_common></source><source id="Spine-Matrix-animation-output-transform"><float_array id="Spine-Matrix-animation-output-transform-array" count="480">

0.997464 -0.069747 -0.014169 0.009000 0.069033 0.996563 -0.045796 7.062600 0.017314 0.044702 0.998850 -0.984700 0.000000 0.000000 0.000000 1.000000
0.998300 -0.058120 -0.004400 0.009000 0.057907 0.997568 -0.038785 7.062600 0.006644 0.038464 0.999238 -0.984700 0.000000 0.000000 0.000000 1.000000
0.999039 -0.043471 0.005650 0.009000 0.043623 0.998588 -0.030320 7.062600 -0.004324 0.030537 0.999524 -0.984700 0.000000 0.000000 0.000000 1.000000
0.999447 -0.030539 0.013137 0.009000 0.030847 0.999238 -0.023912 7.062600 -0.012397 0.024304 0.999628 -0.984700 0.000000 0.000000 0.000000 1.000000
0.999463 -0.025924 0.020028 0.009000 0.026305 0.999473 -0.019024 7.062600 -0.019524 0.019541 0.999618 -0.984700 0.000000 0.000000 0.000000 1.000000
0.998884 -0.036797 0.029623 0.009000 0.037211 0.999215 -0.013556 7.062600 -0.029101 0.014643 0.999469 -0.984700 0.000000 0.000000 0.000000 1.000000
0.997761 -0.052770 0.041092 0.009000 0.052836 0.998603 -0.000529 7.062600 -0.041007 0.002699 0.999155 -0.984700 0.000000 0.000000 0.000000 1.000000
0.997927 -0.048631 0.042158 0.009000 0.048688 0.998814 -0.000308 7.062600 -0.042093 0.002360 0.999111 -0.984700 0.000000 0.000000 0.000000 1.000000
0.999176 -0.022818 0.033571 0.009000 0.023098 0.999701 -0.007964 7.062600 -0.033379 0.008732 0.999405 -0.984700 0.000000 0.000000 0.000000 1.000000
0.999575 -0.004877 0.028755 0.009000 0.005333 0.999861 -0.015801 7.062600 -0.028674 0.015948 0.999462 -0.984700 0.000000 0.000000 0.000000 1.000000
0.999640 0.009694 0.025002 0.009000 -0.008983 0.999557 -0.028370 7.062600 -0.025266 0.028135 0.999285 -0.984700 0.000000 0.000000 0.000000 1.000000
0.999583 0.022525 0.018067 0.009000 -0.021741 0.998859 -0.042521 7.062600 -0.019004 0.042110 0.998932 -0.984700 0.000000 0.000000 0.000000 1.000000
0.999382 0.032668 0.012983 0.009000 -0.031911 0.997986 -0.054821 7.062600 -0.014747 0.054372 0.998412 -0.984700 0.000000 0.000000 0.000000 1.000000
0.999396 0.033156 0.010427 0.009000 -0.032416 0.997391 -0.064504 7.062600 -0.012538 0.064127 0.997863 -0.984700 0.000000 0.000000 0.000000 1.000000
0.999563 0.028942 0.006088 0.009000 -0.028438 0.997069 -0.071022 7.062600 -0.008126 0.070818 0.997456 -0.984700 0.000000 0.000000 0.000000 1.000000
0.999723 0.023381 -0.002614 0.009000 -0.023505 0.997426 -0.067749 7.062600 0.001023 0.067791 0.997699 -0.984700 0.000000 0.000000 0.000000 1.000000
0.999862 0.011652 -0.011816 0.009000 -0.012311 0.998282 -0.057289 7.062600 0.011128 0.057426 0.998288 -0.984700 0.000000 0.000000 0.000000 1.000000
0.999794 -0.004095 -0.019883 0.009000 0.003154 0.998883 -0.047141 7.062600 0.020054 0.047068 0.998690 -0.984700 0.000000 0.000000 0.000000 1.000000
0.999586 -0.010846 -0.026641 0.009000 0.009806 0.999198 -0.038826 7.062600 0.027041 0.038548 0.998891 -0.984700 0.000000 0.000000 0.000000 1.000000
0.999288 0.000585 -0.037721 0.009000 -0.001747 0.999525 -0.030762 7.062600 0.037685 0.030806 0.998815 -0.984700 0.000000 0.000000 0.000000 1.000000
0.998646 0.014862 -0.049862 0.009000 -0.015996 0.999621 -0.022410 7.062600 0.049510 0.023177 0.998505 -0.984700 0.000000 0.000000 0.000000 1.000000
0.998486 0.014068 -0.053177 0.009000 -0.015422 0.999565 -0.025150 7.062600 0.052800 0.025932 0.998268 -0.984700 0.000000 0.000000 0.000000 1.000000
0.998862 -0.003055 -0.047606 0.009000 0.001680 0.999581 -0.028898 7.062600 0.047674 0.028785 0.998448 -0.984700 0.000000 0.000000 0.000000 1.000000
0.998890 -0.018808 -0.043185 0.009000 0.017545 0.999413 -0.029432 7.062600 0.043714 0.028641 0.998633 -0.984700 0.000000 0.000000 0.000000 1.000000
0.998666 -0.032537 -0.040086 0.009000 0.031252 0.998991 -0.032269 7.062600 0.041095 0.030973 0.998675 -0.984700 0.000000 0.000000 0.000000 1.000000
0.998085 -0.050981 -0.035032 0.009000 0.049758 0.998150 -0.034947 7.062600 0.036749 0.033137 0.998775 -0.984700 0.000000 0.000000 0.000000 1.000000
0.997349 -0.066442 -0.029655 0.009000 0.065365 0.997214 -0.035939 7.062600 0.031960 0.033906 0.998914 -0.984700 0.000000 0.000000 0.000000 1.000000
0.996953 -0.073440 -0.026308 0.009000 0.072549 0.996807 -0.033345 7.062600 0.028673 0.031335 0.999098 -0.984700 0.000000 0.000000 0.000000 1.000000
0.997002 -0.074272 -0.021697 0.009000 0.073364 0.996503 -0.039989 7.062600 0.024591 0.038278 0.998965 -0.984700 0.000000 0.000000 0.000000 1.000000
0.997464 -0.069747 -0.014169 0.009000 0.069033 0.996563 -0.045796 7.062600 0.017314 0.044701 0.998850 -0.984700 0.000000 0.000000 0.000000 1.000000</float_array><technique_common><accessor source="#Spine-Matrix-animation-output-transform-array" count="30" stride="16"><param type="float4x4"/></accessor></technique_common></source><source id="Spine-Interpolations"><Name_array id="Spine-Interpolations-array" count="30">
 LINEAR LINEAR LINEAR LINEAR LINEAR LINEAR LINEAR LINEAR LINEAR LINEAR LINEAR
LINEAR LINEAR LINEAR LINEAR LINEAR LINEAR LINEAR LINEAR LINEAR LINEAR LINEAR LINEAR
LINEAR LINEAR LINEAR LINEAR LINEAR LINEAR LINEAR</Name_array><technique_common><accessor source="#Spine-Interpolations-array" count="30"><param type="name"/></accessor></technique_common></source><sampler id="Spine-Matrix-animation-transform"><input semantic="INPUT" source="#Spine-Matrix-animation-input"/><input semantic="OUTPUT" source="#Spine-Matrix-animation-output-transform"/><input semantic="INTERPOLATION" source="#Spine-Interpolations"/></sampler><channel source="#Spine-Matrix-animation-transform" target="Spine/matrix"/></animation>
    <animation id="Spine1-anim" name="Spine1"><source id="Spine1-Matrix-animation-input"><float_array id="Spine1-Matrix-animation-input-array" count="30">

0.000000 0.033333 0.066667 0.100000 0.133333 0.166667 0.200000 0.233333 0.266667 0.300000 0.333333 0.366667 0.400000 0.433333 0.466667 0.500000
0.533333 0.566667 0.600000 0.633333 0.666667 0.700000 0.733333 0.766667 0.800000 0.833333 0.866667 0.900000 0.933333 0.966667</float_array><technique_common><accessor source="#Spine1-Matrix-animation-input-array" count="30"><param name="TIME" type="float"/></accessor></technique_common></source><source id="Spine1-Matrix-animation-output-transform"><float_array id="Spine1-Matrix-animation-output-transform-array" count="480">

0.999100 -0.014752 -0.039760 0.012400 0.013609 0.999490 -0.028877 8.239700 0.040166 0.028310 0.998792 -1.148800 0.000000 0.000000 0.000000 1.000000
0.999750 -0.004964 -0.021813 0.012400 0.004461 0.999725 -0.023042 8.239700 0.021921 0.022939 0.999496 -1.148800 0.000000 0.000000 0.000000 1.000000
0.999999 0.000192 -0.001235 0.012400 -0.000217 0.999785 -0.020756 8.239700 0.001230 0.020756 0.999784 -1.148800 0.000000 0.000000 0.000000 1.000000
0.999857 0.009293 0.014093 0.012400 -0.009026 0.999781 -0.018903 8.239700 -0.014266 0.018773 0.999722 -1.148800 0.000000 0.000000 0.000000 1.000000
0.999494 0.016642 0.027120 0.012400 -0.016020 0.999608 -0.022981 8.239700 -0.027491 0.022535 0.999368 -1.148800 0.000000 0.000000 0.000000 1.000000
0.999107 0.023678 0.034980 0.012400 -0.022601 0.999268 -0.030876 8.239700 -0.035685 0.030058 0.998911 -1.148800 0.000000 0.000000 0.000000 1.000000
0.998713 0.030359 0.040623 0.012400 -0.028770 0.998819 -0.039152 8.239700 -0.041764 0.037933 0.998407 -1.148800 0.000000 0.000000 0.000000 1.000000
0.998458 0.030580 0.046325 0.012400 -0.028861 0.998886 -0.037339 8.239700 -0.047415 0.035944 0.998228 -1.148800 0.000000 0.000000 0.000000 1.000000
0.998472 0.026506 0.048487 0.012400 -0.025018 0.999205 -0.031033 8.239700 -0.049271 0.029772 0.998342 -1.148800 0.000000 0.000000 0.000000 1.000000
0.998580 0.024374 0.047362 0.012400 -0.023172 0.999399 -0.025772 8.239700 -0.047962 0.024638 0.998545 -1.148800 0.000000 0.000000 0.000000 1.000000
0.998739 0.027646 0.041899 0.012400 -0.026856 0.999453 -0.019297 8.239700 -0.042410 0.018147 0.998935 -1.148800 0.000000 0.000000 0.000000 1.000000
0.999013 0.030849 0.031968 0.012400 -0.030259 0.999366 -0.018775 8.239700 -0.032527 0.017789 0.999313 -1.148800 0.000000 0.000000 0.000000 1.000000
0.999132 0.034378 0.023535 0.012400 -0.033851 0.999175 -0.022458 8.239700 -0.024287 0.021642 0.999471 -1.148800 0.000000 0.000000 0.000000 1.000000
0.999165 0.036599 0.018150 0.012400 -0.036150 0.999046 -0.024485 8.239700 -0.019029 0.023809 0.999535 -1.148800 0.000000 0.000000 0.000000 1.000000
0.999411 0.032777 0.010165 0.012400 -0.032509 0.999147 -0.025461 8.239700 -0.010990 0.025115 0.999624 -1.148800 0.000000 0.000000 0.000000 1.000000
0.999626 0.026812 -0.005408 0.012400 -0.026933 0.999355 -0.023772 8.239700 0.004767 0.023909 0.999703 -1.148800 0.000000 0.000000 0.000000 1.000000
0.999510 0.020142 -0.023956 0.012400 -0.020731 0.999483 -0.024592 8.239700 0.023448 0.025076 0.999411 -1.148800 0.000000 0.000000 0.000000 1.000000
0.999036 0.013149 -0.041873 0.012400 -0.014351 0.999490 -0.028536 8.239700 0.041476 0.029110 0.998715 -1.148800 0.000000 0.000000 0.000000 1.000000
0.998482 0.004353 -0.054906 0.012400 -0.006413 0.999279 -0.037409 8.239700 0.054704 0.037704 0.997791 -1.148800 0.000000 0.000000 0.000000 1.000000
0.997916 -0.007145 -0.064123 0.012400 0.003971 0.998767 -0.049486 8.239700 0.064398 0.049128 0.996714 -1.148800 0.000000 0.000000 0.000000 1.000000
0.997181 -0.016458 -0.073210 0.012400 0.012208 0.998235 -0.058125 8.239700 0.074037 0.057067 0.995621 -1.148800 0.000000 0.000000 0.000000 1.000000
0.996635 -0.017617 -0.080049 0.012400 0.013103 0.998312 -0.056574 8.239700 0.080911 0.055335 0.995184 -1.148800 0.000000 0.000000 0.000000 1.000000
0.996458 -0.012636 -0.083137 0.012400 0.008492 0.998712 -0.050019 8.239700 0.083662 0.049136 0.995282 -1.148800 0.000000 0.000000 0.000000 1.000000
0.996339 -0.007692 -0.085142 0.012400 0.004131 0.999113 -0.041918 8.239700 0.085389 0.041413 0.995487 -1.148800 0.000000 0.000000 0.000000 1.000000
0.996600 -0.009708 -0.081818 0.012400 0.006923 0.999389 -0.034257 8.239700 0.082100 0.033574 0.996058 -1.148800 0.000000 0.000000 0.000000 1.000000
0.996973 -0.011295 -0.076927 0.012400 0.009168 0.999568 -0.027938 8.239700 0.077209 0.027148 0.996645 -1.148800 0.000000 0.000000 0.000000 1.000000
0.997452 -0.017280 -0.069212 0.012400 0.015431 0.999512 -0.027155 8.239700 0.069648 0.026018 0.997232 -1.148800 0.000000 0.000000 0.000000 1.000000
0.997806 -0.024760 -0.061399 0.012400 0.022906 0.999266 -0.030709 8.239700 0.062114 0.029235 0.997641 -1.148800 0.000000 0.000000 0.000000 1.000000
0.998294 -0.025214 -0.052668 0.012400 0.023644 0.999263 -0.030233 8.239700 0.053391 0.028936 0.998154 -1.148800 0.000000 0.000000 0.000000 1.000000
0.999100 -0.014752 -0.039760 0.012400 0.013609 0.999490 -0.028877 8.239700 0.040166 0.028310 0.998792 -1.148800 0.000000 0.000000 0.000000 1.000000</float_array><technique_common><accessor source="#Spine1-Matrix-animation-output-transform-array" count="30" stride="16"><param type="float4x4"/></accessor></technique_common></source><source id="Spine1-Interpolations"><Name_array id="Spine1-Interpolations-array" count="30">
 LINEAR LINEAR LINEAR LINEAR LINEAR LINEAR LINEAR LINEAR LINEAR LINEAR LINEAR
LINEAR LINEAR LINEAR LINEAR LINEAR LINEAR LINEAR LINEAR LINEAR LINEAR LINEAR LINEAR
LINEAR LINEAR LINEAR LINEAR LINEAR LINEAR LINEAR</Name_array><technique_common><accessor source="#Spine1-Interpolations-array" count="30"><param type="name"/></accessor></technique_common></source><sampler id="Spine1-Matrix-animation-transform"><input semantic="INPUT" source="#Spine1-Matrix-animation-input"/><input semantic="OUTPUT" source="#Spine1-Matrix-animation-output-transform"/><input semantic="INTERPOLATION" source="#Spine1-Interpolations"/></sampler><channel source="#Spine1-Matrix-animation-transform" target="Spine1/matrix"/></animation>
    <animation id="Spine2-anim" name="Spine2"><source id="Spine2-Matrix-animation-input"><float_array id="Spine2-Matrix-animation-input-array" count="30">

0.000000 0.033333 0.066667 0.100000 0.133333 0.166667 0.200000 0.233333 0.266667 0.300000 0.333333 0.366667 0.400000 0.433333 0.466667 0.500000
0.533333 0.566667 0.600000 0.633333 0.666667 0.700000 0.733333 0.766667 0.800000 0.833333 0.866667 0.900000 0.933333 0.966667</float_array><technique_common><accessor source="#Spine2-Matrix-animation-input-array" count="30"><param name="TIME" type="float"/></accessor></technique_common></source><source id="Spine2-Matrix-animation-output-transform"><float_array id="Spine2-Matrix-animation-output-transform-array" count="480">

0.999195 -0.004393 -0.039871 0.014200 0.006425 0.998680 0.050966 9.416800 0.039595 -0.051181 0.997904 -1.313000 0.000000 0.000000 0.000000 1.000000
0.999754 0.004950 -0.021631 0.014200 -0.003729 0.998417 0.056119 9.416800 0.021874 -0.056025 0.998190 -1.313000 0.000000 0.000000 0.000000 1.000000
0.999955 0.009425 -0.001067 0.014200 -0.009348 0.998286 0.057775 9.416800 0.001610 -0.057762 0.998329 -1.313000 0.000000 0.000000 0.000000 1.000000
0.999733 0.017862 0.014631 0.014200 -0.018699 0.998069 0.059237 9.416800 -0.013545 -0.059495 0.998137 -1.313000 0.000000 0.000000 0.000000 1.000000
0.999304 0.024499 0.028133 0.014200 -0.026012 0.998161 0.054750 9.416800 -0.026740 -0.055444 0.998104 -1.313000 0.000000 0.000000 0.000000 1.000000
0.998849 0.030958 0.036650 0.014200 -0.032646 0.998389 0.046410 9.416800 -0.035154 -0.047553 0.998250 -1.313000 0.000000 0.000000 0.000000 1.000000
0.998388 0.036892 0.043131 0.014200 -0.038527 0.998546 0.037703 9.416800 -0.041678 -0.039304 0.998358 -1.313000 0.000000 0.000000 0.000000 1.000000
0.998132 0.036682 0.048851 0.014200 -0.038620 0.998480 0.039334 9.416800 -0.047333 -0.041147 0.998031 -1.313000 0.000000 0.000000 0.000000 1.000000
0.998201 0.032692 0.050254 0.014200 -0.035011 0.998329 0.045979 9.416800 -0.048667 -0.047656 0.997678 -1.313000 0.000000 0.000000 0.000000 1.000000
0.998341 0.030891 0.048584 0.014200 -0.033396 0.998108 0.051617 9.416800 -0.046897 -0.053154 0.997485 -1.313000 0.000000 0.000000 0.000000 1.000000
0.998475 0.034838 0.042834 0.014200 -0.037313 0.997596 0.058401 9.416800 -0.040697 -0.059910 0.997374 -1.313000 0.000000 0.000000 0.000000 1.000000
0.998724 0.038715 0.032415 0.014200 -0.040587 0.997418 0.059249 9.416800 -0.030038 -0.060489 0.997717 -1.313000 0.000000 0.000000 0.000000 1.000000
0.998809 0.042646 0.023707 0.014200 -0.043911 0.997482 0.055689 9.416800 -0.021272 -0.056664 0.998167 -1.313000 0.000000 0.000000 0.000000 1.000000
0.998815 0.045094 0.018331 0.014200 -0.046018 0.997501 0.053612 9.416800 -0.015868 -0.054392 0.998394 -1.313000 0.000000 0.000000 0.000000 1.000000
0.999087 0.041458 0.010285 0.014200 -0.041944 0.997730 0.052692 9.416800 -0.008077 -0.053075 0.998558 -1.313000 0.000000 0.000000 0.000000 1.000000
0.999346 0.035768 -0.005238 0.014200 -0.035429 0.997878 0.054629 9.416800 0.007181 -0.054407 0.998493 -1.313000 0.000000 0.000000 0.000000 1.000000
0.999282 0.029667 -0.023583 0.014200 -0.028354 0.998128 0.054197 9.416800 0.025147 -0.053489 0.998252 -1.313000 0.000000 0.000000 0.000000 1.000000
0.998865 0.023541 -0.041413 0.014200 -0.021426 0.998478 0.050813 9.416800 0.042546 -0.049868 0.997849 -1.313000 0.000000 0.000000 0.000000 1.000000
0.998368 0.015709 -0.054910 0.014200 -0.013403 0.999022 0.042127 9.416800 0.055518 -0.041322 0.997602 -1.313000 0.000000 0.000000 0.000000 1.000000
0.997872 0.005224 -0.064995 0.014200 -0.003298 0.999553 0.029704 9.416800 0.065122 -0.029427 0.997443 -1.313000 0.000000 0.000000 0.000000 1.000000
0.997196 -0.002927 -0.074774 0.014200 0.004478 0.999778 0.020580 9.416800 0.074697 -0.020857 0.996988 -1.313000 0.000000 0.000000 0.000000 1.000000
0.996655 -0.003828 -0.081630 0.014200 0.005642 0.999742 0.022002 9.416800 0.081524 -0.022389 0.996420 -1.313000 0.000000 0.000000 0.000000 1.000000
0.996446 0.001046 -0.084229 0.014200 0.001407 0.999577 0.029062 9.416800 0.084223 -0.029077 0.996023 -1.313000 0.000000 0.000000 0.000000 1.000000
0.996303 0.005895 -0.085711 0.014200 -0.002667 0.999285 0.037725 9.416800 0.085872 -0.037357 0.995606 -1.313000 0.000000 0.000000 0.000000 1.000000
0.996611 0.003318 -0.082187 0.014200 0.000457 0.998947 0.045868 9.416800 0.082253 -0.045750 0.995561 -1.313000 0.000000 0.000000 0.000000 1.000000
0.997044 0.001176 -0.076829 0.014200 0.002910 0.998588 0.053050 9.416800 0.076783 -0.053116 0.995632 -1.313000 0.000000 0.000000 0.000000 1.000000
0.997595 -0.005223 -0.069118 0.014200 0.008980 0.998492 0.054153 9.416800 0.068731 -0.054643 0.996138 -1.313000 0.000000 0.000000 0.000000 1.000000
0.998001 -0.012844 -0.061878 0.014200 0.015967 0.998609 0.050249 9.416800 0.061146 -0.051137 0.996818 -1.313000 0.000000 0.000000 0.000000 1.000000
0.998484 -0.014068 -0.053221 0.014200 0.016742 0.998602 0.050135 9.416800 0.052442 -0.050950 0.997323 -1.313000 0.000000 0.000000 0.000000 1.000000
0.999195 -0.004393 -0.039871 0.014200 0.006425 0.998680 0.050966 9.416800 0.039595 -0.051181 0.997904 -1.313000 0.000000 0.000000 0.000000 1.000000</float_array><technique_common><accessor source="#Spine2-Matrix-animation-output-transform-array" count="30" stride="16"><param type="float4x4"/></accessor></technique_common></source><source id="Spine2-Interpolations"><Name_array id="Spine2-Interpolations-array" count="30">
 LINEAR LINEAR LINEAR LINEAR LINEAR LINEAR LINEAR LINEAR LINEAR LINEAR LINEAR
LINEAR LINEAR LINEAR LINEAR LINEAR LINEAR LINEAR LINEAR LINEAR LINEAR LINEAR LINEAR
LINEAR LINEAR LINEAR LINEAR LINEAR LINEAR LINEAR</Name_array><technique_common><accessor source="#Spine2-Interpolations-array" count="30"><param type="name"/></accessor></technique_common></source><sampler id="Spine2-Matrix-animation-transform"><input semantic="INPUT" source="#Spine2-Matrix-animation-input"/><input semantic="OUTPUT" source="#Spine2-Matrix-animation-output-transform"/><input semantic="INTERPOLATION" source="#Spine2-Interpolations"/></sampler><channel source="#Spine2-Matrix-animation-transform" target="Spine2/matrix"/></animation>
    <animation id="Neck-anim" name="Neck"><source id="Neck-Matrix-animation-input"><float_array id="Neck-Matrix-animation-input-array" count="30">

0.000000 0.033333 0.066667 0.100000 0.133333 0.166667 0.200000 0.233333 0.266667 0.300000 0.333333 0.366667 0.400000 0.433333 0.466667 0.500000
0.533333 0.566667 0.600000 0.633333 0.666667 0.700000 0.733333 0.766667 0.800000 0.833333 0.866667 0.900000 0.933333 0.966667</float_array><technique_common><accessor source="#Neck-Matrix-animation-input-array" count="30"><param name="TIME" type="float"/></accessor></technique_common></source><source id="Neck-Matrix-animation-output-transform"><float_array id="Neck-Matrix-animation-output-transform-array" count="480">

0.999651 0.017169 -0.020092 0.016000 -0.015963 0.998146 0.058730 10.593800 0.021063 -0.058388 0.998072 -1.477100 0.000000 0.000000 0.000000 1.000000
0.999657 0.012774 -0.022852 0.016000 -0.011595 0.998631 0.051004 10.593800 0.023473 -0.050721 0.998437 -1.477100 0.000000 0.000000 0.000000 1.000000
0.999580 0.019045 -0.021836 0.016000 -0.017833 0.998358 0.054439 10.593800 0.022837 -0.054027 0.998278 -1.477100 0.000000 0.000000 0.000000 1.000000
0.999497 0.026028 -0.018133 0.016000 -0.024876 0.997823 0.061084 10.593800 0.019684 -0.060603 0.997968 -1.477100 0.000000 0.000000 0.000000 1.000000
0.999148 0.039470 -0.012017 0.016000 -0.038506 0.996664 0.071966 10.593800 0.014818 -0.071442 0.997335 -1.477100 0.000000 0.000000 0.000000 1.000000
0.998739 0.049698 -0.007127 0.016000 -0.048931 0.995302 0.083543 10.593800 0.011245 -0.083089 0.996479 -1.477100 0.000000 0.000000 0.000000 1.000000
0.998585 0.052922 -0.005308 0.016000 -0.052227 0.994534 0.090417 10.593800 0.010064 -0.090012 0.995890 -1.477100 0.000000 0.000000 0.000000 1.000000
0.998641 0.051890 -0.004908 0.016000 -0.051240 0.994641 0.089797 10.593800 0.009542 -0.089423 0.995948 -1.477100 0.000000 0.000000 0.000000 1.000000
0.998876 0.047037 -0.005929 0.016000 -0.046378 0.995425 0.083536 10.593800 0.009831 -0.083167 0.996487 -1.477100 0.000000 0.000000 0.000000 1.000000
0.999116 0.041379 -0.007393 0.016000 -0.040668 0.996054 0.078888 10.593800 0.010628 -0.078518 0.996856 -1.477100 0.000000 0.000000 0.000000 1.000000
0.999164 0.040216 -0.007352 0.016000 -0.039519 0.996154 0.078204 10.593800 0.010468 -0.077848 0.996910 -1.477100 0.000000 0.000000 0.000000 1.000000
0.998930 0.046016 -0.004576 0.016000 -0.045480 0.995529 0.082791 10.593800 0.008365 -0.082495 0.996556 -1.477100 0.000000 0.000000 0.000000 1.000000
0.998565 0.053524 -0.001513 0.016000 -0.053175 0.994573 0.089427 10.593800 0.006291 -0.089218 0.995992 -1.477100 0.000000 0.000000 0.000000 1.000000
0.998250 0.059115 0.001656 0.016000 -0.059027 0.994281 0.088997 10.593800 0.003615 -0.088939 0.996031 -1.477100 0.000000 0.000000 0.000000 1.000000
0.998143 0.060620 0.005966 0.016000 -0.060906 0.994675 0.083137 10.593800 -0.000894 -0.083346 0.996520 -1.477100 0.000000 0.000000 0.000000 1.000000
0.998240 0.058502 0.009737 0.016000 -0.059059 0.995569 0.073168 10.593800 -0.005414 -0.073614 0.997272 -1.477100 0.000000 0.000000 0.000000 1.000000
0.998424 0.054899 0.011667 0.016000 -0.055550 0.996289 0.065745 10.593800 -0.008014 -0.066289 0.997768 -1.477100 0.000000 0.000000 0.000000 1.000000
0.998900 0.045869 0.009752 0.016000 -0.046408 0.996795 0.065162 10.593800 -0.006732 -0.065543 0.997827 -1.477100 0.000000 0.000000 0.000000 1.000000
0.999237 0.038482 0.006669 0.016000 -0.038865 0.996605 0.072576 10.593800 -0.003853 -0.072779 0.997341 -1.477100 0.000000 0.000000 0.000000 1.000000
0.999424 0.033748 0.003636 0.016000 -0.033936 0.995737 0.085768 10.593800 -0.000726 -0.085842 0.996308 -1.477100 0.000000 0.000000 0.000000 1.000000
0.999544 0.030172 0.001134 0.016000 -0.030140 0.994850 0.096770 10.593800 0.001792 -0.096760 0.995306 -1.477100 0.000000 0.000000 0.000000 1.000000
0.999581 0.028917 -0.000810 0.016000 -0.028705 0.994924 0.096452 10.593800 0.003595 -0.096389 0.995337 -1.477100 0.000000 0.000000 0.000000 1.000000
0.999545 0.030134 -0.001203 0.016000 -0.029917 0.995785 0.086706 10.593800 0.003811 -0.086631 0.996233 -1.477100 0.000000 0.000000 0.000000 1.000000
0.999470 0.032544 0.000049 0.016000 -0.032446 0.996368 0.078733 10.593800 0.002514 -0.078692 0.996896 -1.477100 0.000000 0.000000 0.000000 1.000000
0.999305 0.037272 0.000964 0.016000 -0.037234 0.996286 0.077645 10.593800 0.001934 -0.077627 0.996981 -1.477100 0.000000 0.000000 0.000000 1.000000
0.999280 0.037935 0.000671 0.016000 -0.037878 0.996478 0.074810 10.593800 0.002170 -0.074782 0.997198 -1.477100 0.000000 0.000000 0.000000 1.000000
0.999305 0.037254 -0.001210 0.016000 -0.037054 0.996400 0.076247 10.593800 0.004046 -0.076149 0.997088 -1.477100 0.000000 0.000000 0.000000 1.000000
0.999437 0.033139 -0.005167 0.016000 -0.032661 0.996678 0.074608 10.593800 0.007622 -0.074397 0.997200 -1.477100 0.000000 0.000000 0.000000 1.000000
0.999485 0.029992 -0.011399 0.016000 -0.029125 0.997133 0.069840 10.593800 0.013461 -0.069472 0.997493 -1.477100 0.000000 0.000000 0.000000 1.000000
0.999651 0.017169 -0.020092 0.016000 -0.015963 0.998146 0.058730 10.593800 0.021063 -0.058388 0.998072 -1.477100 0.000000 0.000000 0.000000 1.000000</float_array><technique_common><accessor source="#Neck-Matrix-animation-output-transform-array" count="30" stride="16"><param type="float4x4"/></accessor></technique_common></source><source id="Neck-Interpolations"><Name_array id="Neck-Interpolations-array" count="30">
 LINEAR LINEAR LINEAR LINEAR LINEAR LINEAR LINEAR LINEAR LINEAR LINEAR LINEAR
LINEAR LINEAR LINEAR LINEAR LINEAR LINEAR LINEAR LINEAR LINEAR LINEAR LINEAR LINEAR
LINEAR LINEAR LINEAR LINEAR LINEAR LINEAR LINEAR</Name_array><technique_common><accessor source="#Neck-Interpolations-array" count="30"><param type="name"/></accessor></technique_common></source><sampler id="Neck-Matrix-animation-transform"><input semantic="INPUT" source="#Neck-Matrix-animation-input"/><input semantic="OUTPUT" source="#Neck-Matrix-animation-output-transform"/><input semantic="INTERPOLATION" source="#Neck-Interpolations"/></sampler><channel source="#Neck-Matrix-animation-transform" target="Neck/matrix"/></animation>
    <animation id="Head-anim" name="Head"><source id="Head-Matrix-animation-input"><float_array id="Head-Matrix-animation-input-array" count="30">

0.000000 0.033333 0.066667 0.100000 0.133333 0.166667 0.200000 0.233333 0.266667 0.300000 0.333333 0.366667 0.400000 0.433333 0.466667 0.500000
0.533333 0.566667 0.600000 0.633333 0.666667 0.700000 0.733333 0.766667 0.800000 0.833333 0.866667 0.900000 0.933333 0.966667</float_array><technique_common><accessor source="#Head-Matrix-animation-input-array" count="30"><param name="TIME" type="float"/></accessor></technique_common></source><source id="Head-Matrix-animation-output-transform"><float_array id="Head-Matrix-animation-output-transform-array" count="480">

0.997739 -0.005402 -0.066997 0.000000 0.006991 0.999699 0.023496 5.056400 0.066850 -0.023911 0.997476 0.719600 0.000000 0.000000 0.000000 1.000000
0.997133 -0.014698 -0.074225 0.000000 0.015232 0.999862 0.006634 5.056400 0.074117 -0.007745 0.997219 0.719600 0.000000 0.000000 0.000000 1.000000
0.996778 -0.016717 -0.078449 0.000000 0.016540 0.999859 -0.002910 5.056400 0.078486 0.001603 0.996914 0.719600 0.000000 0.000000 0.000000 1.000000
0.997361 -0.013776 -0.071277 -0.000000 0.013481 0.999898 -0.004614 5.056400 0.071334 0.003640 0.997446 0.719600 0.000000 0.000000 0.000000 1.000000
0.997983 -0.007778 -0.062996 -0.000000 0.007746 0.999970 -0.000751 5.056400 0.063000 0.000262 0.998014 0.719600 0.000000 0.000000 0.000000 1.000000
0.998450 -0.001014 -0.055649 0.000000 0.001473 0.999965 0.008198 5.056400 0.055639 -0.008268 0.998417 0.719600 0.000000 0.000000 0.000000 1.000000
0.998653 0.008668 -0.051160 0.000000 -0.007715 0.999793 0.018810 5.056400 0.051313 -0.018390 0.998513 0.719600 0.000000 0.000000 0.000000 1.000000
0.998745 0.018962 -0.046357 0.000000 -0.018217 0.999699 0.016442 5.056400 0.046655 -0.015577 0.998790 0.719600 0.000000 0.000000 0.000000 1.000000
0.998765 0.025933 -0.042384 0.000000 -0.025758 0.999657 0.004687 5.056400 0.042491 -0.003589 0.999090 0.719600 0.000000 0.000000 0.000000 1.000000
0.998939 0.022368 -0.040254 0.000000 -0.022763 0.999697 -0.009374 5.056400 0.040032 0.010281 0.999146 0.719600 0.000000 0.000000 0.000000 1.000000
0.999106 0.017086 -0.038668 0.000000 -0.017586 0.999766 -0.012608 5.056400 0.038443 0.013277 0.999173 0.719600 0.000000 0.000000 0.000000 1.000000
0.999299 0.010978 -0.035798 0.000000 -0.010994 0.999940 -0.000265 5.056400 0.035793 0.000658 0.999359 0.719600 0.000000 0.000000 0.000000 1.000000
0.999393 0.004343 -0.034556 0.000000 -0.003813 0.999875 0.015376 5.056400 0.034618 -0.015235 0.999284 0.719600 0.000000 0.000000 0.000000 1.000000
0.999565 0.005218 -0.029040 -0.000000 -0.004422 0.999614 0.027420 5.056400 0.029172 -0.027280 0.999202 0.719600 0.000000 0.000000 0.000000 1.000000
0.999840 0.014446 -0.010534 -0.000000 -0.014092 0.999357 0.032967 5.056400 0.011004 -0.032813 0.999401 0.719600 0.000000 0.000000 0.000000 1.000000
0.999685 0.022379 0.011401 0.000000 -0.022738 0.999216 0.032394 5.056400 -0.010667 -0.032643 0.999410 0.719600 0.000000 0.000000 0.000000 1.000000
0.999347 0.024340 0.026703 -0.000000 -0.025042 0.999341 0.026286 5.056400 -0.026046 -0.026937 0.999298 0.719600 0.000000 0.000000 0.000000 1.000000
0.999236 0.022042 0.032273 0.000000 -0.022816 0.999456 0.023825 5.056400 -0.031730 -0.024543 0.999195 0.719600 0.000000 0.000000 0.000000 1.000000
0.999407 0.017363 0.029741 -0.000000 -0.018162 0.999476 0.026788 5.056400 -0.029261 -0.027312 0.999199 0.719600 0.000000 0.000000 0.000000 1.000000
0.999616 0.014396 0.023694 0.000000 -0.015265 0.999203 0.036884 5.056400 -0.023144 -0.037232 0.999039 0.719600 0.000000 0.000000 0.000000 1.000000
0.999763 0.011704 0.018369 -0.000000 -0.012483 0.999001 0.042898 5.056400 -0.017849 -0.043117 0.998911 0.719600 0.000000 0.000000 0.000000 1.000000
0.999917 0.006938 0.010828 0.000000 -0.007361 0.999191 0.039528 5.056400 -0.010545 -0.039604 0.999160 0.719600 0.000000 0.000000 0.000000 1.000000
0.999978 0.003282 0.005840 0.000000 -0.003452 0.999561 0.029418 5.056400 -0.005740 -0.029438 0.999550 0.719600 0.000000 0.000000 0.000000 1.000000
0.999973 0.001334 0.007247 0.000000 -0.001429 0.999912 0.013168 5.056400 -0.007229 -0.013178 0.999887 0.719600 0.000000 0.000000 0.000000 1.000000
0.999971 0.005869 0.004864 0.000000 -0.005863 0.999982 -0.001285 5.056400 -0.004871 0.001256 0.999987 0.719600 0.000000 0.000000 0.000000 1.000000
0.999857 0.016572 0.003437 -0.000000 -0.016579 0.999861 0.001981 5.056400 -0.003404 -0.002038 0.999992 0.719600 0.000000 0.000000 0.000000 1.000000
0.999717 0.023529 -0.003611 -0.000000 -0.023483 0.999649 0.012286 5.056400 0.003899 -0.012197 0.999918 0.719600 0.000000 0.000000 0.000000 1.000000
0.999628 0.021981 -0.016146 0.000000 -0.021667 0.999577 0.019388 5.056400 0.016565 -0.019031 0.999682 0.719600 0.000000 0.000000 0.000000 1.000000
0.999041 0.008367 -0.042982 0.000000 -0.007396 0.999715 0.022699 5.056400 0.043160 -0.022360 0.998818 0.719600 0.000000 0.000000 0.000000 1.000000
0.997739 -0.005402 -0.066997 0.000000 0.006991 0.999699 0.023496 5.056400 0.066850 -0.023911 0.997476 0.719600 0.000000 0.000000 0.000000 1.000000</float_array><technique_common><accessor source="#Head-Matrix-animation-output-transform-array" count="30" stride="16"><param type="float4x4"/></accessor></technique_common></source><source id="Head-Interpolations"><Name_array id="Head-Interpolations-array" count="30">
 LINEAR LINEAR LINEAR LINEAR LINEAR LINEAR LINEAR LINEAR LINEAR LINEAR LINEAR
LINEAR LINEAR LINEAR LINEAR LINEAR LINEAR LINEAR LINEAR LINEAR LINEAR LINEAR LINEAR
LINEAR LINEAR LINEAR LINEAR LINEAR LINEAR LINEAR</Name_array><technique_common><accessor source="#Head-Interpolations-array" count="30"><param type="name"/></accessor></technique_common></source><sampler id="Head-Matrix-animation-transform"><input semantic="INPUT" source="#Head-Matrix-animation-input"/><input semantic="OUTPUT" source="#Head-Matrix-animation-output-transform"/><input semantic="INTERPOLATION" source="#Head-Interpolations"/></sampler><channel source="#Head-Matrix-animation-transform" target="Head/matrix"/></animation>
    <animation id="LeftShoulder-anim" name="LeftShoulder"><source id="LeftShoulder-Matrix-animation-input"><float_array id="LeftShoulder-Matrix-animation-input-array" count="30">

0.000000 0.033333 0.066667 0.100000 0.133333 0.166667 0.200000 0.233333 0.266667 0.300000 0.333333 0.366667 0.400000 0.433333 0.466667 0.500000
0.533333 0.566667 0.600000 0.633333 0.666667 0.700000 0.733333 0.766667 0.800000 0.833333 0.866667 0.900000 0.933333 0.966667</float_array><technique_common><accessor source="#LeftShoulder-Matrix-animation-input-array" count="30"><param name="TIME" type="float"/></accessor></technique_common></source><source id="LeftShoulder-Matrix-animation-output-transform"><float_array id="LeftShoulder-Matrix-animation-output-transform-array" count="480">

0.932706 -0.049569 -0.357215 3.528500 0.001147 0.990912 -0.134510 8.730400 0.360636 0.125048 0.924286 -1.456100 0.000000 0.000000 0.000000 1.000000
0.932664 -0.038060 -0.358734 3.528500 -0.010120 0.991267 -0.131478 8.730400 0.360605 0.126255 0.924134 -1.456100 0.000000 0.000000 0.000000 1.000000
0.940465 -0.002374 -0.339883 3.528500 -0.041986 0.991505 -0.123104 8.730400 0.337288 0.130045 0.932376 -1.456100 0.000000 0.000000 0.000000 1.000000
0.955819 0.037150 -0.291599 3.528500 -0.073958 0.990464 -0.116238 8.730400 0.284500 0.132669 0.949452 -1.456100 0.000000 0.000000 0.000000 1.000000
0.967863 0.069272 -0.241751 3.528500 -0.098869 0.988719 -0.112514 8.730400 0.231229 0.132799 0.963793 -1.456100 0.000000 0.000000 0.000000 1.000000
0.975795 0.089633 -0.199474 3.528500 -0.113483 0.987262 -0.111518 8.730400 0.186937 0.131455 0.973537 -1.456100 0.000000 0.000000 0.000000 1.000000
0.979708 0.095191 -0.176384 3.528500 -0.116075 0.986892 -0.112120 8.730400 0.163399 0.130318 0.977915 -1.456100 0.000000 0.000000 0.000000 1.000000
0.982313 0.097007 -0.160161 3.528500 -0.115857 0.986831 -0.112877 8.730400 0.147102 0.129437 0.980616 -1.456100 0.000000 0.000000 0.000000 1.000000
0.983069 0.096800 -0.155581 3.528500 -0.115086 0.986888 -0.113172 8.730400 0.142586 0.129161 0.981319 -1.456100 0.000000 0.000000 0.000000 1.000000
0.982037 0.098357 -0.161027 3.528500 -0.117270 0.986708 -0.112493 8.730400 0.147822 0.129356 0.980518 -1.456100 0.000000 0.000000 0.000000 1.000000
0.979331 0.121188 -0.161938 3.528500 -0.139763 0.984202 -0.108688 8.730400 0.146208 0.129075 0.980797 -1.456100 0.000000 0.000000 0.000000 1.000000
0.974208 0.149367 -0.169142 3.528500 -0.168256 0.980304 -0.103411 8.730400 0.150364 0.129203 0.980152 -1.456100 0.000000 0.000000 0.000000 1.000000
0.971743 0.153222 -0.179552 3.528500 -0.173257 0.979610 -0.101718 8.730400 0.160306 0.129952 0.978476 -1.456100 0.000000 0.000000 0.000000 1.000000
